0 0.384375 0.27734375 0.00625 0.01015625
2 0.444140625 0.229296875 0.0109375 0.04375
3 0.23984375 0.22265625 0.0125 0.04375
2 0.712109375 0.30078125 0.0140625 0.05546875
2 0.596484375 0.258203125 0.0140625 0.0390625
2 0.44921875 0.291015625 0.0109375 0.053125
2 0.689453125 0.298046875 0.0140625 0.053125
3 0.52265625 0.325 0.01328125 0.059375
2 0.315625 0.290625 0.01875 0.0484375
2 0.608984375 0.3484375 0.0109375 0.05703125
2 0.484765625 0.364453125 0.01171875 0.05859375
2 0.33828125 0.38828125 0.01796875 0.0625
2 0.808203125 0.41953125 0.0171875 0.06875
2 0.555078125 0.364453125 0.01484375 0.06015625
2 0.440625 0.375390625 0.015625 0.0640625
2 0.783984375 0.348046875 0.0125 0.0609375
2 0.734375 0.3953125 0.015625 0.059375
2 0.154296875 0.378125 0.015625 0.0625
2 0.601953125 0.43203125 0.01640625 0.06796875
2 0.70078125 0.4421875 0.01328125 0.065625
2 0.22109375 0.57265625 0.021875 0.0828125
2 0.885546875 0.5828125 0.01640625 0.07890625
2 0.635546875 0.6921875 0.0234375 0.084375