3 0.415625 0.256640625 0.00859375 0.0296875
2 0.230078125 0.41328125 0.01640625 0.05859375
2 0.16875 0.478515625 0.01640625 0.04140625
2 0.475390625 0.37734375 0.0125 0.04140625
1 0.153125 0.379296875 0.015625 0.04140625
2 0.313671875 0.371484375 0.0171875 0.0390625
2 0.486328125 0.330859375 0.0140625 0.03984375
2 0.328125 0.412109375 0.0125 0.046875
3 0.331640625 0.462890625 0.009375 0.05234375
2 0.596484375 0.368359375 0.01328125 0.053125
2 0.215625 0.440625 0.0125 0.0484375
2 0.858984375 0.471484375 0.0125 0.05234375
2 0.473046875 0.48515625 0.0109375 0.05546875
2 0.829296875 0.428515625 0.0125 0.05234375
3 0.937109375 0.8171875 0.0171875 0.084375
2 0.394140625 0.428125 0.0140625 0.04375
2 0.505859375 0.426953125 0.0171875 0.05
2 0.790234375 0.48515625 0.0109375 0.05390625
2 0.61015625 0.575 0.0140625 0.059375
2 0.584765625 0.46953125 0.0171875 0.05390625
2 0.749609375 0.472265625 0.01484375 0.05390625
2 0.80859375 0.590234375 0.015625 0.06796875
0 0.179296875 0.49921875 0.00546875 0.009375
2 0.168359375 0.469140625 0.0234375 0.04140625