0 0.648046875 0.2796875 0.00625 0.0109375
2 0.46015625 0.19921875 0.0078125 0.0390625
3 0.218359375 0.194921875 0.009375 0.0421875
2 0.301171875 0.23984375 0.01015625 0.04453125
2 0.395703125 0.28828125 0.0125 0.04921875
2 0.35859375 0.344921875 0.0125 0.06015625
2 0.694140625 0.290234375 0.009375 0.0546875
2 0.63515625 0.2265625 0.0171875 0.0453125
2 0.441015625 0.27421875 0.0125 0.05390625
2 0.24609375 0.291015625 0.015625 0.05859375
2 0.1921875 0.35546875 0.01484375 0.0609375
2 0.619921875 0.299609375 0.0140625 0.0546875
3 0.464453125 0.417578125 0.0125 0.06640625
2 0.24140625 0.76328125 0.03125 0.10078125
2 0.376171875 0.437890625 0.015625 0.06875
2 0.183203125 0.33515625 0.0125 0.05546875
2 0.60625 0.3625 0.0140625 0.06015625
2 0.1625 0.447265625 0.021875 0.07265625
2 0.574609375 0.317578125 0.0125 0.053125
2 0.42109375 0.441796875 0.01875 0.0671875
2 0.178515625 0.466015625 0.0171875 0.075
2 0.837109375 0.556640625 0.02578125 0.0796875
2 0.154296875 0.565234375 0.025 0.0765625