3 0.24765625 0.23515625 0.009375 0.0375
2 0.515234375 0.252734375 0.0109375 0.03515625
3 0.450390625 0.4390625 0.01875 0.0578125
2 0.45234375 0.587890625 0.0203125 0.07265625
2 0.419140625 0.48984375 0.0140625 0.06484375
2 0.523828125 0.353125 0.0125 0.053125
2 0.707421875 0.3546875 0.01015625 0.05703125
2 0.1359375 0.6078125 0.01640625 0.07734375
2 0.326953125 0.3375 0.0140625 0.05078125
2 0.89375 0.53203125 0.025 0.075
2 0.4359375 0.629296875 0.021875 0.075
2 0.6890625 0.34765625 0.015625 0.053125
2 0.46171875 0.61328125 0.015625 0.07890625
2 0.189453125 0.494140625 0.01953125 0.06796875
2 0.18515625 0.56796875 0.02734375 0.065625
2 0.280859375 0.660546875 0.01953125 0.0734375
2 0.757421875 0.381640625 0.0109375 0.05703125
2 0.45078125 0.783203125 0.0390625 0.0796875
2 0.128515625 0.64921875 0.021875 0.0796875
2 0.501171875 0.48984375 0.0171875 0.06484375
2 0.176953125 0.70234375 0.02578125 0.07265625
2 0.62421875 0.497265625 0.01484375 0.05390625