3 0.40703125 0.219921875 0.01171875 0.03671875
2 0.75859375 0.30546875 0.009375 0.04453125
2 0.5859375 0.257421875 0.01171875 0.0390625
3 0.621875 0.328125 0.0109375 0.05078125
2 0.617578125 0.375390625 0.015625 0.053125
2 0.747265625 0.328515625 0.01015625 0.05234375
2 0.4265625 0.315625 0.0125 0.0484375
2 0.766796875 0.375390625 0.0109375 0.05859375
2 0.583984375 0.403125 0.0125 0.0625
2 0.794921875 0.377734375 0.01328125 0.05703125
2 0.66015625 0.43671875 0.0125 0.06015625
2 0.825390625 0.417578125 0.0109375 0.06484375
2 0.4921875 0.43828125 0.01484375 0.06015625
2 0.886328125 0.52421875 0.015625 0.0703125
2 0.438671875 0.690625 0.01640625 0.07578125
2 0.344140625 0.437890625 0.01328125 0.0609375
2 0.509765625 0.549609375 0.01484375 0.071875
1 0.067578125 0.452734375 0.01015625 0.0609375
2 0.89609375 0.62578125 0.01640625 0.0703125
2 0.43203125 0.507421875 0.0171875 0.0671875
2 0.581640625 0.69765625 0.02421875 0.0859375
2 0.659375 0.51953125 0.015625 0.0703125
2 0.778515625 0.659375 0.0203125 0.07734375