3 0.1671875 0.250390625 0.01328125 0.0421875
0 0.77109375 0.55703125 0.00703125 0.01015625
2 0.73515625 0.324609375 0.0109375 0.04921875
2 0.795703125 0.362109375 0.0140625 0.05234375
2 0.533984375 0.369140625 0.01875 0.05078125
2 0.509765625 0.254296875 0.01328125 0.0359375
2 0.827734375 0.404296875 0.021875 0.0640625
2 0.555859375 0.304296875 0.0109375 0.0453125
2 0.208203125 0.381640625 0.0125 0.053125
2 0.56875 0.727734375 0.0296875 0.07421875
2 0.325390625 0.367578125 0.0140625 0.05234375
3 0.790625 0.40625 0.02109375 0.05546875
1 0.89453125 0.38203125 0.01640625 0.05703125
2 0.406640625 0.30234375 0.0140625 0.0453125
2 0.7375 0.441796875 0.0171875 0.0515625
2 0.797265625 0.532421875 0.0203125 0.06484375
2 0.67265625 0.403125 0.01328125 0.05078125
2 0.17890625 0.528125 0.015625 0.065625
2 0.20859375 0.554296875 0.025 0.071875
2 0.420703125 0.643359375 0.02109375 0.0703125
2 0.25078125 0.603515625 0.02265625 0.07578125
2 0.5390625 0.49453125 0.025 0.06328125
2 0.4453125 0.4828125 0.01171875 0.06796875
2 0.734765625 0.344921875 0.01484375 0.0484375