2 0.67265625 0.358203125 0.01796875 0.0515625
2 0.712109375 0.3328125 0.009375 0.053125
2 0.61875 0.315625 0.015625 0.0484375
2 0.783203125 0.358984375 0.009375 0.05859375
2 0.723046875 0.505078125 0.01796875 0.0625
2 0.673046875 0.4 0.01328125 0.059375
2 0.73671875 0.35234375 0.0109375 0.05703125
2 0.751171875 0.356640625 0.0140625 0.05703125
2 0.685546875 0.423046875 0.009375 0.059375
1 0.7984375 0.375390625 0.0171875 0.06015625
2 0.460546875 0.283984375 0.01328125 0.04765625
2 0.81796875 0.41171875 0.01328125 0.06015625
3 0.520703125 0.371484375 0.01015625 0.05546875
2 0.77421875 0.490625 0.01484375 0.0578125
2 0.583984375 0.344140625 0.01640625 0.053125
2 0.136328125 0.350390625 0.01796875 0.05859375
2 0.008984375 0.4890625 0.01796875 0.0609375
2 0.510546875 0.425 0.01640625 0.06328125
2 0.253515625 0.324609375 0.01171875 0.053125
2 0.023046875 0.38203125 0.01796875 0.06015625
2 0.376171875 0.515234375 0.01640625 0.06953125
0 0.796484375 0.358203125 0.00625 0.01171875