0 0.880859375 0.459375 0.00625 0.0109375
2 0.701171875 0.328125 0.015625 0.04765625
2 0.832421875 0.41484375 0.02109375 0.05234375
3 0.599609375 0.35703125 0.01640625 0.0546875
2 0.712890625 0.34765625 0.0171875 0.053125
2 0.678515625 0.319921875 0.0125 0.05078125
1 0.872265625 0.3609375 0.0265625 0.05
2 0.628515625 0.358203125 0.015625 0.05234375
2 0.857421875 0.445703125 0.0171875 0.0546875
2 0.744140625 0.33671875 0.01484375 0.0546875
2 0.676171875 0.403125 0.0140625 0.0546875
2 0.727734375 0.394921875 0.01328125 0.05859375
2 0.8078125 0.366796875 0.01171875 0.059375
2 0.380078125 0.28828125 0.0125 0.04921875
2 0.558203125 0.3953125 0.0140625 0.059375
2 0.094140625 0.41953125 0.0125 0.0625
2 0.076953125 0.353125 0.0125 0.05703125
2 0.1734375 0.30546875 0.015625 0.05
2 0.3203125 0.48203125 0.02109375 0.071875
2 0.139453125 0.333203125 0.0140625 0.05234375
2 0.110546875 0.409375 0.01796875 0.06328125
2 0.698046875 0.31328125 0.0140625 0.04375
2 0.71953125 0.33125 0.01796875 0.0453125