2 0.272265625 0.2796875 0.0234375 0.05
3 0.2703125 0.198046875 0.01640625 0.0390625
2 0.573046875 0.2 0.01015625 0.04296875
2 0.529296875 0.23671875 0.009375 0.03828125
2 0.263671875 0.290234375 0.0171875 0.0546875
2 0.61484375 0.2375 0.0140625 0.0453125
2 0.452734375 0.2203125 0.01015625 0.040625
2 0.528515625 0.270703125 0.015625 0.05078125
2 0.373046875 0.377734375 0.0265625 0.059375
2 0.404296875 0.2921875 0.01328125 0.05078125
3 0.453125 0.41015625 0.0109375 0.06328125
2 0.376953125 0.252734375 0.0109375 0.0484375
2 0.558203125 0.27265625 0.0109375 0.053125
2 0.21171875 0.39296875 0.01640625 0.06015625
2 0.725390625 0.28515625 0.0109375 0.05390625
2 0.2953125 0.37578125 0.0140625 0.0609375
2 0.29765625 0.253515625 0.0203125 0.05
2 0.636328125 0.332421875 0.0125 0.059375
2 0.182421875 0.523046875 0.01875 0.0703125
2 0.230859375 0.43046875 0.01796875 0.06875
2 0.170703125 0.6953125 0.02265625 0.09453125
2 0.792578125 0.524609375 0.0203125 0.08046875
0 0.61015625 0.254296875 0.00625 0.0125