3 0.223046875 0.220703125 0.0125 0.04921875
2 0.57265625 0.248046875 0.01484375 0.03671875
2 0.387109375 0.278515625 0.015625 0.04296875
2 0.725 0.303125 0.009375 0.05703125
2 0.523828125 0.28828125 0.0109375 0.05078125
2 0.77109375 0.358984375 0.01015625 0.0546875
2 0.71796875 0.314453125 0.009375 0.0546875
2 0.5609375 0.308203125 0.0125 0.05
3 0.598046875 0.341796875 0.0125 0.0578125
2 0.756640625 0.38671875 0.01640625 0.05859375
2 0.785546875 0.35234375 0.0140625 0.0625
2 0.452734375 0.337109375 0.0140625 0.05703125
2 0.790234375 0.41015625 0.0140625 0.0671875
2 0.302734375 0.29296875 0.01171875 0.04921875
2 0.426953125 0.3453125 0.0140625 0.05703125
2 0.598828125 0.419140625 0.0171875 0.0640625
2 0.142578125 0.38984375 0.0171875 0.06328125
2 0.271484375 0.36328125 0.0140625 0.06015625
2 0.788671875 0.68203125 0.01875 0.0859375
2 0.8578125 0.5609375 0.02109375 0.07265625
2 0.271484375 0.5578125 0.0140625 0.07890625
0 0.42421875 0.269921875 0.00625 0.01171875
2 0.47109375 0.229296875 0.01171875 0.0453125