0 0.725 0.550390625 0.0125 0.0125
2 0.1296875 0.26484375 0.0140625 0.046875
2 0.319140625 0.2203125 0.0171875 0.05234375
3 0.09609375 0.209375 0.0140625 0.046875
2 0.509765625 0.215234375 0.01171875 0.0453125
2 0.471484375 0.234765625 0.01015625 0.04765625
2 0.580859375 0.269140625 0.01484375 0.05703125
3 0.468359375 0.314453125 0.0125 0.0546875
2 0.605859375 0.5375 0.01875 0.06796875
2 0.476953125 0.33984375 0.015625 0.0609375
2 0.6984375 0.362109375 0.0140625 0.0671875
2 0.280078125 0.368359375 0.015625 0.06328125
2 0.205078125 0.307421875 0.015625 0.0609375
2 0.325 0.316796875 0.0171875 0.0625
2 0.076953125 0.395703125 0.0125 0.065625
2 0.564453125 0.429296875 0.02109375 0.06953125
2 0.226171875 0.598046875 0.01875 0.0875
2 0.394921875 0.36484375 0.01640625 0.0609375
2 0.679296875 0.395703125 0.015625 0.071875
2 0.787890625 0.572265625 0.0203125 0.07578125
2 0.298046875 0.47265625 0.0171875 0.07734375
2 0.740234375 0.412109375 0.0203125 0.07265625
2 0.81875 0.596484375 0.0359375 0.0703125