3 0.358203125 0.453125 0.0171875 0.04921875
2 0.38984375 0.292578125 0.0125 0.03125
2 0.262109375 0.365234375 0.0125 0.04765625
2 0.36484375 0.505078125 0.0109375 0.05703125
1 0.951953125 0.40546875 0.01875 0.04921875
2 0.421875 0.3984375 0.0109375 0.04765625
2 0.60625 0.37734375 0.0140625 0.04296875
2 0.620703125 0.701953125 0.01875 0.07421875
2 0.56953125 0.387890625 0.0140625 0.05
2 0.542578125 0.701953125 0.02109375 0.07265625
2 0.400390625 0.6015625 0.01796875 0.065625
2 0.708203125 0.4609375 0.01796875 0.059375
3 0.888671875 0.71015625 0.02421875 0.08125
2 0.241015625 0.472265625 0.0140625 0.05546875
2 0.642578125 0.7078125 0.0328125 0.06171875
2 0.384765625 0.705859375 0.02265625 0.06953125
2 0.782421875 0.597265625 0.0203125 0.059375
2 0.681640625 0.55 0.0140625 0.0609375
2 0.461328125 0.612890625 0.02109375 0.06875
2 0.239453125 0.607421875 0.0203125 0.0703125
2 0.273828125 0.604296875 0.01953125 0.06796875
2 0.209375 0.6390625 0.01796875 0.06875
2 0.5828125 0.518359375 0.0140625 0.05546875
0 0.619140625 0.721875 0.00703125 0.0140625
3 0.266796875 0.265625 0.0078125 0.0359375