1 0.213671875 0.457421875 0.01328125 0.046875
2 0.318359375 0.4140625 0.00859375 0.03359375
2 0.251171875 0.472265625 0.0078125 0.04453125
2 0.426171875 0.38828125 0.0078125 0.03046875
2 0.460546875 0.390625 0.009375 0.03359375
2 0.269921875 0.46015625 0.0078125 0.040625
3 0.462890625 0.47578125 0.009375 0.04296875
2 0.279296875 0.464453125 0.00859375 0.04375
2 0.271875 0.522265625 0.009375 0.0421875
2 0.29296875 0.472265625 0.0125 0.04296875
2 0.784765625 0.480078125 0.0078125 0.04375
2 0.52890625 0.568359375 0.01015625 0.05390625
2 0.853125 0.5046875 0.009375 0.046875
2 0.040234375 0.58984375 0.015625 0.05
2 0.150390625 0.551953125 0.01484375 0.05
2 0.41484375 0.518359375 0.01015625 0.0484375
2 0.537109375 0.57421875 0.01328125 0.05390625
2 0.936328125 0.6984375 0.0234375 0.071875
2 0.390625 0.516796875 0.0109375 0.0484375
2 0.898828125 0.696484375 0.015625 0.06875
2 0.75 0.504296875 0.009375 0.04765625
2 0.794140625 0.733203125 0.015625 0.06484375
0 0.398046875 0.38359375 0.00390625 0.00625
3 0.426171875 0.356640625 0.0078125 0.02890625