2 0.406640625 0.46953125 0.0109375 0.040625
3 0.296484375 0.238671875 0.00703125 0.0265625
3 0.448046875 0.39453125 0.015625 0.040625
2 0.36875 0.590625 0.01953125 0.040625
3 0.898046875 0.8375 0.0171875 0.075
2 0.575390625 0.3640625 0.009375 0.04296875
2 0.69609375 0.50546875 0.01328125 0.059375
2 0.325390625 0.374609375 0.0140625 0.04296875
2 0.6859375 0.51484375 0.01484375 0.059375
2 0.351171875 0.3796875 0.015625 0.04453125
2 0.368359375 0.5015625 0.01796875 0.05703125
2 0.511328125 0.46796875 0.0140625 0.05703125
2 0.679296875 0.44296875 0.01484375 0.0546875
2 0.412109375 0.50546875 0.0171875 0.0578125
1 0.949609375 0.392578125 0.0171875 0.05
2 0.625390625 0.409375 0.00703125 0.0484375
2 0.499609375 0.546875 0.0125 0.06015625
2 0.267578125 0.57578125 0.0140625 0.06328125
2 0.760546875 0.6078125 0.02109375 0.05703125
2 0.24296875 0.470703125 0.01953125 0.05078125
2 0.190234375 0.542578125 0.0203125 0.06328125
2 0.403515625 0.565234375 0.01875 0.0578125
2 0.33515625 0.601953125 0.0203125 0.06484375
2 0.533984375 0.577734375 0.0203125 0.0609375
0 0.306640625 0.28671875 0.00546875 0.01015625