3 0.269140625 0.297265625 0.0078125 0.02734375
2 0.46015625 0.362890625 0.01015625 0.03515625
2 0.406640625 0.378515625 0.0109375 0.04296875
2 0.540234375 0.414453125 0.009375 0.04765625
2 0.291796875 0.36171875 0.01328125 0.03984375
2 0.65 0.359765625 0.009375 0.0375
3 0.52734375 0.427734375 0.01171875 0.046875
2 0.671875 0.407421875 0.0078125 0.046875
2 0.4359375 0.381640625 0.0140625 0.040625
2 0.316015625 0.439453125 0.009375 0.04921875
2 0.700390625 0.420703125 0.0125 0.04765625
2 0.3203125 0.359375 0.0078125 0.03515625
2 0.24296875 0.39296875 0.01328125 0.0453125
2 0.241796875 0.616015625 0.0171875 0.0578125
2 0.228515625 0.65703125 0.01875 0.0640625
2 0.22578125 0.458203125 0.0109375 0.0484375
2 0.63515625 0.5515625 0.01640625 0.0546875
2 0.791796875 0.508203125 0.01953125 0.05546875
2 0.198828125 0.469921875 0.0125 0.05078125
2 0.629296875 0.683984375 0.02265625 0.065625
2 0.53515625 0.41875 0.0125 0.04453125
0 0.456640625 0.37890625 0.00390625 0.0078125
2 0.4578125 0.359375 0.0125 0.03515625