2 0.234765625 0.421875 0.01640625 0.05078125
2 0.536328125 0.358203125 0.00859375 0.040625
2 0.378125 0.298828125 0.01484375 0.028125
2 0.4453125 0.33046875 0.0078125 0.0375
2 0.440234375 0.335546875 0.0125 0.03984375
2 0.241796875 0.433984375 0.01875 0.04765625
2 0.734375 0.394140625 0.00859375 0.0453125
2 0.518359375 0.33203125 0.009375 0.0421875
2 0.527734375 0.4109375 0.0109375 0.04453125
2 0.694921875 0.346484375 0.009375 0.040625
3 0.542578125 0.41171875 0.0203125 0.04296875
2 0.652734375 0.53984375 0.009375 0.053125
2 0.364453125 0.375 0.0109375 0.040625
2 0.723046875 0.423046875 0.01484375 0.04453125
2 0.25625 0.6390625 0.0234375 0.06328125
2 0.5375 0.719921875 0.02265625 0.071875
2 0.412109375 0.31953125 0.01484375 0.03203125
2 0.277734375 0.3625 0.0109375 0.0453125
2 0.602734375 0.368359375 0.009375 0.046875
2 0.8046875 0.507421875 0.0140625 0.05546875
2 0.205859375 0.558203125 0.0140625 0.0578125
3 0.329296875 0.273828125 0.0140625 0.03671875