3 0.332421875 0.26328125 0.0078125 0.02890625
2 0.592578125 0.37734375 0.009375 0.04296875
3 0.941015625 0.945703125 0.0265625 0.08828125
3 0.473828125 0.409375 0.01328125 0.04453125
2 0.677734375 0.6125 0.01171875 0.0546875
2 0.303515625 0.378125 0.01015625 0.04140625
2 0.65078125 0.519921875 0.0109375 0.05703125
2 0.632421875 0.43515625 0.0109375 0.0484375
2 0.25 0.597265625 0.015625 0.0609375
2 0.32578125 0.36171875 0.01171875 0.04296875
2 0.43125 0.493359375 0.0171875 0.05
2 0.690625 0.60703125 0.0109375 0.065625
2 0.48046875 0.46328125 0.0109375 0.053125
2 0.537890625 0.5671875 0.015625 0.06171875
2 0.71171875 0.46171875 0.0140625 0.05703125
2 0.511328125 0.599609375 0.01640625 0.06015625
2 0.522265625 0.637890625 0.01875 0.06328125
2 0.283203125 0.483203125 0.0171875 0.05
2 0.464453125 0.5484375 0.01796875 0.0578125
2 0.758984375 0.587109375 0.01875 0.0671875
2 0.206640625 0.5484375 0.025 0.04765625
2 0.5828125 0.5421875 0.0203125 0.053125
2 0.334765625 0.612890625 0.01953125 0.06328125
0 0.306640625 0.395703125 0.0046875 0.009375