2 0.98828125 0.21484375 0.0078125 0.01875
0 0.508984375 0.41796875 0.00625 0.01015625
3 0.32578125 0.234765625 0.00625 0.025
3 0.461328125 0.370703125 0.009375 0.04296875
2 0.587890625 0.348046875 0.009375 0.04296875
2 0.67421875 0.507421875 0.01328125 0.05
2 0.43984375 0.446875 0.0125 0.04765625
2 0.523828125 0.50234375 0.021875 0.05703125
2 0.33046875 0.356640625 0.01015625 0.04296875
2 0.206640625 0.48828125 0.0140625 0.05703125
2 0.350390625 0.348046875 0.0109375 0.04296875
2 0.401171875 0.537109375 0.0125 0.05390625
2 0.28515625 0.479296875 0.01015625 0.053125
2 0.561328125 0.454296875 0.0125 0.05078125
2 0.682421875 0.495703125 0.01015625 0.053125
2 0.4421875 0.505078125 0.009375 0.05703125
2 0.387109375 0.464453125 0.015625 0.053125
2 0.64921875 0.4078125 0.0140625 0.046875
2 0.394921875 0.5671875 0.01484375 0.0640625
2 0.4421875 0.610546875 0.01796875 0.065625
2 0.681640625 0.426953125 0.0140625 0.05390625
2 0.268359375 0.530859375 0.0171875 0.053125
3 0.85859375 0.890234375 0.01875 0.0859375
2 0.716796875 0.6078125 0.01796875 0.0578125