2 0.319921875 0.35703125 0.009375 0.03359375
2 0.458203125 0.291015625 0.0109375 0.03828125
2 0.316015625 0.367578125 0.009375 0.0390625
2 0.4828125 0.698046875 0.025 0.059375
2 0.1046875 0.669140625 0.0203125 0.0453125
2 0.3140625 0.55 0.01953125 0.0375
2 0.572265625 0.42265625 0.01171875 0.0421875
2 0.3640625 0.43515625 0.009375 0.04296875
2 0.248046875 0.417578125 0.0109375 0.040625
2 0.551953125 0.445703125 0.009375 0.04375
2 0.187109375 0.5453125 0.0171875 0.05234375
2 0.121484375 0.655078125 0.021875 0.06171875
1 0.886328125 0.4265625 0.01328125 0.04375
2 0.20234375 0.45234375 0.0125 0.0453125
2 0.685546875 0.3640625 0.01015625 0.0390625
2 0.49453125 0.56953125 0.01640625 0.05703125
3 0.33515625 0.519140625 0.0109375 0.05078125
3 0.898046875 0.833203125 0.0171875 0.07578125
2 0.223828125 0.5234375 0.01640625 0.04921875
2 0.235546875 0.430078125 0.0125 0.04375
2 0.541015625 0.617578125 0.01953125 0.059375
2 0.823828125 0.614453125 0.01484375 0.0578125
2 0.418359375 0.73046875 0.0296875 0.05546875
0 0.42734375 0.724609375 0.00859375 0.015625
3 0.323828125 0.285546875 0.00703125 0.02734375