2 0.648828125 0.3078125 0.0078125 0.02734375
1 0.1453125 0.424609375 0.01484375 0.040625
2 0.36875 0.366015625 0.0078125 0.0359375
2 0.706640625 0.441796875 0.00859375 0.040625
2 0.746875 0.375 0.00703125 0.0375
2 0.738671875 0.43046875 0.01015625 0.040625
2 0.111328125 0.603125 0.02265625 0.053125
2 0.330078125 0.73984375 0.01328125 0.06484375
2 0.42578125 0.36953125 0.009375 0.03515625
3 0.612890625 0.47265625 0.01015625 0.04765625
2 0.290625 0.483984375 0.0125 0.04921875
2 0.18671875 0.616796875 0.01875 0.0484375
2 0.2421875 0.48515625 0.009375 0.046875
2 0.497265625 0.408984375 0.00859375 0.03984375
2 0.656640625 0.4375 0.0140625 0.03984375
2 0.396484375 0.51796875 0.021875 0.0453125
2 0.751953125 0.464453125 0.0140625 0.04765625
2 0.6609375 0.641015625 0.0140625 0.0640625
2 0.727734375 0.6484375 0.0171875 0.065625
2 0.609375 0.580078125 0.01484375 0.05859375
2 0.417578125 0.518359375 0.015625 0.0484375
2 0.353515625 0.714453125 0.0203125 0.065625
3 0.798828125 0.858203125 0.025 0.078125
3 0.43984375 0.27421875 0.00859375 0.02578125
0 0.096484375 0.619140625 0.00546875 0.01015625