2 0.515234375 0.2703125 0.009375 0.03359375
2 0.523828125 0.278125 0.009375 0.034375
2 0.280078125 0.265625 0.0078125 0.03203125
2 0.239453125 0.275 0.0140625 0.03515625
2 0.7546875 0.42421875 0.0140625 0.05
2 0.234375 0.31171875 0.009375 0.0375
1 0.833203125 0.275 0.0109375 0.03515625
2 0.613671875 0.259765625 0.00703125 0.034375
2 0.617578125 0.29921875 0.0109375 0.0390625
2 0.580859375 0.246484375 0.00625 0.03359375
2 0.212109375 0.315625 0.01015625 0.0390625
2 0.259765625 0.2953125 0.01171875 0.03515625
3 0.44140625 0.360546875 0.0125 0.04140625
2 0.315625 0.32265625 0.00859375 0.04140625
2 0.74921875 0.258984375 0.0109375 0.0328125
2 0.233984375 0.45703125 0.015625 0.05078125
2 0.21171875 0.38828125 0.01640625 0.0453125
2 0.379296875 0.354296875 0.0109375 0.04375
2 0.3484375 0.36015625 0.0125 0.046875
2 0.640625 0.447265625 0.0109375 0.05234375
2 0.411328125 0.603515625 0.0125 0.0703125
2 0.258203125 0.537890625 0.01875 0.05546875
3 0.21796875 0.25078125 0.0125 0.03125