2 0.616796875 0.358984375 0.0109375 0.04921875
2 0.608203125 0.36328125 0.00859375 0.0421875
2 0.53984375 0.281640625 0.01171875 0.03359375
3 0.991015625 0.87578125 0.01796875 0.09296875
2 0.362109375 0.378125 0.01015625 0.04765625
2 0.530078125 0.283984375 0.00859375 0.03359375
2 0.710546875 0.3046875 0.00859375 0.040625
2 0.38359375 0.291796875 0.009375 0.03515625
2 0.701171875 0.33671875 0.00859375 0.0453125
2 0.507421875 0.38828125 0.01953125 0.046875
2 0.392578125 0.2828125 0.0078125 0.0359375
2 0.364453125 0.334765625 0.0109375 0.0453125
2 0.668359375 0.360546875 0.00859375 0.04140625
2 0.823828125 0.408203125 0.0109375 0.05
2 0.559375 0.348046875 0.0140625 0.04453125
2 0.418359375 0.375 0.01171875 0.046875
2 0.305078125 0.510546875 0.015625 0.05703125
3 0.46484375 0.41015625 0.01328125 0.05
2 0.705859375 0.5171875 0.0140625 0.06953125
2 0.282421875 0.641015625 0.015625 0.071875
2 0.526953125 0.499609375 0.01328125 0.05859375
0 0.540625 0.290234375 0.0046875 0.009375
2 0.615625 0.281640625 0.01171875 0.03515625
1 0.054296875 0.35234375 0.0109375 0.04765625
3 0.427734375 0.22734375 0.0109375 0.028125