2 0.218359375 0.3796875 0.021875 0.05390625
2 0.63046875 0.171484375 0.009375 0.0375
1 0.073046875 0.318359375 0.0109375 0.0484375
2 0.380859375 0.2453125 0.0109375 0.0484375
2 0.254296875 0.420703125 0.01484375 0.0546875
3 0.481640625 0.38828125 0.01015625 0.05703125
3 0.913671875 0.90078125 0.025 0.10390625
2 0.427734375 0.24921875 0.0109375 0.04296875
2 0.1078125 0.61171875 0.01875 0.0734375
2 0.84296875 0.312890625 0.0109375 0.053125
2 0.893359375 0.36796875 0.01015625 0.0625
2 0.487890625 0.28984375 0.015625 0.0484375
2 0.194921875 0.325 0.01640625 0.05
2 0.221484375 0.41796875 0.0203125 0.053125
2 0.244921875 0.4375 0.01484375 0.06015625
2 0.873046875 0.27421875 0.0109375 0.0484375
2 0.630078125 0.39765625 0.01640625 0.05859375
2 0.395703125 0.564453125 0.01484375 0.06796875
2 0.190625 0.58984375 0.0265625 0.0671875
2 0.785546875 0.556640625 0.015625 0.0796875
2 0.658203125 0.368359375 0.0109375 0.0609375
2 0.72734375 0.541015625 0.01796875 0.075
2 0.46328125 0.526953125 0.0234375 0.06328125
3 0.491796875 0.12890625 0.009375 0.03125
0 0.24921875 0.39765625 0.00546875 0.009375