3 0.3796875 0.225390625 0.00625 0.02890625
2 0.644921875 0.25078125 0.00859375 0.03359375
2 0.650390625 0.358203125 0.0109375 0.0375
0 0.230078125 0.6796875 0.00625 0.0109375
2 0.740234375 0.401953125 0.0109375 0.046875
2 0.349609375 0.789453125 0.03203125 0.08046875
3 0.648046875 0.390625 0.0109375 0.04453125
2 0.79765625 0.364453125 0.01015625 0.0453125
2 0.775390625 0.312109375 0.0109375 0.04296875
2 0.315234375 0.319140625 0.00859375 0.04140625
3 0.98828125 0.96171875 0.0234375 0.075
1 0.117578125 0.36328125 0.0140625 0.04765625
2 0.155859375 0.446875 0.01171875 0.05078125
2 0.50078125 0.334765625 0.009375 0.04375
2 0.540625 0.724609375 0.03125 0.075
2 0.411328125 0.320703125 0.01015625 0.04296875
2 0.195703125 0.624609375 0.025 0.06171875
2 0.26953125 0.6046875 0.01875 0.059375
2 0.672265625 0.480078125 0.0109375 0.05078125
2 0.426171875 0.458984375 0.0109375 0.05078125
2 0.230078125 0.434765625 0.0125 0.0546875
2 0.778515625 0.5828125 0.01875 0.06171875
2 0.8171875 0.4125 0.0140625 0.053125
2 0.88359375 0.562890625 0.01328125 0.0609375
2 0.448046875 0.453125 0.01171875 0.04921875