3 0.355078125 0.2859375 0.00625 0.02578125
2 0.513671875 0.289453125 0.0078125 0.02890625
1 0.0140625 0.43828125 0.0109375 0.04375
2 0.415625 0.5234375 0.01171875 0.04375
2 0.295703125 0.43046875 0.01015625 0.0453125
1 0.907421875 0.408203125 0.0109375 0.04453125
2 0.361328125 0.337890625 0.0078125 0.0296875
2 0.430859375 0.546875 0.009375 0.053125
3 0.42109375 0.54765625 0.0140625 0.0546875
2 0.419140625 0.380859375 0.00703125 0.03828125
2 0.59765625 0.393359375 0.0078125 0.040625
2 0.36953125 0.478515625 0.009375 0.046875
2 0.27890625 0.440625 0.0109375 0.04453125
2 0.397265625 0.354296875 0.0078125 0.0375
2 0.482421875 0.5234375 0.0109375 0.04765625
2 0.576953125 0.451953125 0.00703125 0.0484375
2 0.700390625 0.337109375 0.009375 0.0375
2 0.42421875 0.6140625 0.015625 0.059375
2 0.567578125 0.43828125 0.0109375 0.0453125
2 0.30546875 0.794921875 0.01640625 0.06796875
2 0.783203125 0.5 0.0203125 0.05
2 0.28359375 0.610546875 0.01171875 0.06171875
2 0.341796875 0.5640625 0.0125 0.0578125
2 0.2921875 0.409765625 0.009375 0.04453125
0 0.724609375 0.423046875 0.00546875 0.01171875