2 0.300390625 0.518359375 0.0078125 0.0390625
2 0.50625 0.434765625 0.00703125 0.02890625
1 0.812109375 0.50703125 0.01015625 0.04140625
2 0.339453125 0.467578125 0.00625 0.028125
2 0.412109375 0.521484375 0.00859375 0.0390625
2 0.718359375 0.66953125 0.0125 0.05
2 0.263671875 0.577734375 0.009375 0.0421875
2 0.5625 0.524609375 0.00859375 0.0359375
2 0.508984375 0.61953125 0.009375 0.0484375
2 0.408984375 0.576953125 0.009375 0.0421875
2 0.46171875 0.6765625 0.0125 0.04921875
2 0.240625 0.676953125 0.00859375 0.05234375
3 0.4359375 0.585546875 0.009375 0.0421875
2 0.32578125 0.507421875 0.0078125 0.0375
3 0.923046875 0.85 0.01953125 0.06328125
2 0.287109375 0.581640625 0.01015625 0.04609375
2 0.523046875 0.52421875 0.0140625 0.03359375
2 0.757421875 0.5953125 0.009375 0.04453125
2 0.583203125 0.72734375 0.01796875 0.0578125
2 0.314453125 0.616015625 0.0109375 0.04765625
2 0.27890625 0.764453125 0.0171875 0.05703125
2 0.12578125 0.8140625 0.01875 0.059375
2 0.43125 0.885546875 0.01796875 0.06796875
0 0.712890625 0.6828125 0.0046875 0.009375
3 0.343359375 0.405859375 0.0078125 0.02734375