2 0.323046875 0.265625 0.0078125 0.0296875
3 0.241015625 0.25 0.01015625 0.028125
2 0.29921875 0.26953125 0.01015625 0.03203125
1 0.96171875 0.307421875 0.0125 0.040625
2 0.469921875 0.276953125 0.009375 0.03515625
2 0.5984375 0.265234375 0.0109375 0.03828125
2 0.378125 0.303125 0.0078125 0.03984375
2 0.434765625 0.3359375 0.009375 0.040625
3 0.425390625 0.356640625 0.01171875 0.04296875
2 0.775390625 0.276953125 0.0109375 0.0375
2 0.335546875 0.2859375 0.01171875 0.03203125
2 0.25 0.407421875 0.015625 0.04453125
2 0.62578125 0.3078125 0.009375 0.0375
2 0.25546875 0.2921875 0.009375 0.03203125
2 0.356640625 0.33515625 0.0109375 0.04296875
2 0.660546875 0.28203125 0.0109375 0.03984375
2 0.694140625 0.408203125 0.0140625 0.05
3 0.971484375 0.7921875 0.025 0.0828125
2 0.20390625 0.351953125 0.0109375 0.04453125
2 0.673828125 0.440234375 0.0125 0.053125
2 0.49921875 0.5296875 0.0125 0.059375
2 0.223828125 0.496875 0.015625 0.053125
0 0.30625 0.269140625 0.00390625 0.00625
2 0.25234375 0.28984375 0.00859375 0.0375
2 0.469140625 0.2671875 0.0109375 0.034375