2 0.394140625 0.391796875 0.00546875 0.02578125
2 0.219921875 0.497265625 0.0140625 0.04453125
1 0.142578125 0.490234375 0.0109375 0.0421875
2 0.662109375 0.42265625 0.0078125 0.0328125
2 0.267578125 0.4421875 0.0078125 0.0359375
2 0.63359375 0.421484375 0.00625 0.03359375
2 0.504296875 0.491796875 0.0078125 0.0390625
2 0.500390625 0.565234375 0.009375 0.04765625
2 0.699609375 0.557421875 0.009375 0.0484375
2 0.064453125 0.599609375 0.0109375 0.05078125
3 0.484765625 0.5140625 0.01015625 0.0421875
2 0.28984375 0.521484375 0.0109375 0.04296875
2 0.443359375 0.6078125 0.00859375 0.04765625
2 0.393359375 0.431640625 0.0078125 0.03515625
2 0.3546875 0.6140625 0.009375 0.05
2 0.461328125 0.46484375 0.00625 0.0390625
2 0.344140625 0.897265625 0.0140625 0.07265625
2 0.4703125 0.5671875 0.0140625 0.04921875
2 0.680859375 0.469921875 0.00859375 0.03984375
2 0.241796875 0.602734375 0.0109375 0.0484375
2 0.169921875 0.779296875 0.02109375 0.065625
2 0.4921875 0.719140625 0.0140625 0.06171875
3 0.759765625 0.950390625 0.025 0.08046875
0 0.14609375 0.508203125 0.00390625 0.00625
2 0.22265625 0.475390625 0.01171875 0.0375
3 0.319921875 0.36796875 0.00859375 0.0234375