2 0.458203125 0.30703125 0.01015625 0.03125
2 0.430859375 0.344921875 0.0109375 0.0359375
2 0.68125 0.325390625 0.01015625 0.034375
2 0.608984375 0.34765625 0.0078125 0.0328125
2 0.5265625 0.475390625 0.01875 0.05078125
2 0.2875 0.415625 0.009375 0.04296875
1 0.02734375 0.425390625 0.0140625 0.04375
2 0.446484375 0.49765625 0.01171875 0.04765625
2 0.398828125 0.333203125 0.0078125 0.0375
1 0.887890625 0.397265625 0.0125 0.0390625
2 0.395703125 0.41796875 0.009375 0.04140625
2 0.566796875 0.419140625 0.009375 0.04375
2 0.283203125 0.503125 0.01015625 0.04921875
2 0.317578125 0.36015625 0.00859375 0.0375
3 0.4171875 0.4875 0.0109375 0.0453125
2 0.39296875 0.55546875 0.01328125 0.053125
2 0.334375 0.4921875 0.01171875 0.053125
2 0.290625 0.59453125 0.0140625 0.05703125
2 0.7515625 0.485546875 0.0109375 0.05078125
3 0.96484375 0.8234375 0.01953125 0.07890625
2 0.297265625 0.78203125 0.015625 0.065625
3 0.352734375 0.286328125 0.00859375 0.0265625
2 0.557421875 0.285546875 0.01015625 0.028125
0 0.675 0.339453125 0.00390625 0.0078125
2 0.566796875 0.39765625 0.01015625 0.0390625
2 0.284375 0.41171875 0.00859375 0.04296875