3 0.278515625 0.233984375 0.00859375 0.03046875
2 0.240625 0.2640625 0.0109375 0.03359375
2 0.64375 0.236328125 0.0078125 0.03359375
1 0.860546875 0.280078125 0.0109375 0.0359375
2 0.66953125 0.343359375 0.01328125 0.04453125
2 0.416796875 0.277734375 0.0078125 0.0375
2 0.384765625 0.35546875 0.009375 0.04453125
2 0.636328125 0.25546875 0.01640625 0.03359375
2 0.65 0.326953125 0.01875 0.04296875
2 0.248046875 0.3203125 0.01015625 0.04453125
2 0.476171875 0.2703125 0.0125 0.0296875
2 0.22421875 0.5328125 0.01875 0.05703125
2 0.641015625 0.469140625 0.0265625 0.0546875
2 0.517578125 0.296875 0.009375 0.0359375
2 0.36171875 0.33984375 0.0109375 0.04453125
2 0.354296875 0.2765625 0.0078125 0.0359375
2 0.26015625 0.2734375 0.0109375 0.0359375
3 0.39296875 0.380078125 0.0140625 0.04921875
2 0.249609375 0.424609375 0.0109375 0.05078125
2 0.267578125 0.38203125 0.009375 0.04921875
2 0.269140625 0.31953125 0.0140625 0.04296875
2 0.479296875 0.472265625 0.01875 0.05546875
2 0.180078125 0.675 0.01875 0.0671875
0 0.7953125 0.284765625 0.0046875 0.009375