2 0.322265625 0.462109375 0.009375 0.0390625
2 0.138671875 0.565625 0.0078125 0.0421875
2 0.13984375 0.524609375 0.00859375 0.03984375
2 0.375390625 0.42578125 0.0078125 0.03515625
1 0.096875 0.5265625 0.01171875 0.04375
2 0.354296875 0.61328125 0.0203125 0.02890625
2 0.285546875 0.467578125 0.009375 0.0390625
2 0.284765625 0.5609375 0.01015625 0.04453125
2 0.640234375 0.4375 0.00859375 0.0359375
2 0.4234375 0.533203125 0.01171875 0.04453125
2 0.307421875 0.591015625 0.0125 0.0453125
2 0.671484375 0.481640625 0.009375 0.04296875
2 0.180078125 0.690234375 0.01171875 0.0546875
2 0.578125 0.4375 0.01171875 0.0359375
2 0.26640625 0.662109375 0.0140625 0.05234375
3 0.297265625 0.610546875 0.01171875 0.05078125
2 0.655078125 0.628515625 0.0109375 0.0578125
2 0.501953125 0.537890625 0.009375 0.04609375
2 0.373046875 0.524609375 0.0109375 0.04765625
2 0.38359375 0.6171875 0.01328125 0.053125
2 0.188671875 0.63671875 0.0140625 0.04921875
2 0.311328125 0.71484375 0.01640625 0.05546875
3 0.70859375 0.928515625 0.01875 0.0796875
3 0.337109375 0.3578125 0.00625 0.0296875
0 0.117578125 0.542578125 0.00625 0.01171875