1 0.15703125 0.45 0.00859375 0.0390625
2 0.070703125 0.51796875 0.0140625 0.0421875
2 0.398828125 0.371484375 0.0078125 0.03359375
2 0.667578125 0.320703125 0.00625 0.025
2 0.433203125 0.374609375 0.0078125 0.0359375
2 0.761328125 0.430078125 0.009375 0.0359375
2 0.333203125 0.491796875 0.0078125 0.046875
2 0.763671875 0.38671875 0.009375 0.034375
2 0.25390625 0.459375 0.009375 0.040625
2 0.15390625 0.50234375 0.01015625 0.034375
2 0.723046875 0.46796875 0.0109375 0.034375
2 0.516796875 0.430859375 0.009375 0.03984375
2 0.375 0.508203125 0.0109375 0.04609375
2 0.445703125 0.5109375 0.0125 0.04453125
2 0.723046875 0.6390625 0.01328125 0.0578125
2 0.774609375 0.46953125 0.015625 0.040625
2 0.581640625 0.43671875 0.01328125 0.03828125
2 0.396875 0.668359375 0.0109375 0.0609375
2 0.371484375 0.68515625 0.0140625 0.06328125
2 0.652734375 0.583203125 0.009375 0.053125
3 0.794140625 0.843359375 0.01875 0.07421875
3 0.555859375 0.482421875 0.0125 0.046875
2 0.769140625 0.637890625 0.0109375 0.05703125
3 0.4296875 0.275390625 0.00703125 0.028125