2 0.538671875 0.67578125 0.01015625 0.05390625
2 0.33828125 0.48203125 0.00625 0.0359375
2 0.373828125 0.440234375 0.00625 0.02890625
2 0.441796875 0.5515625 0.00859375 0.040625
3 0.924609375 0.8546875 0.0140625 0.0671875
2 0.545703125 0.390234375 0.0078125 0.03046875
1 0.059765625 0.519921875 0.0109375 0.0359375
3 0.439453125 0.578515625 0.01015625 0.04609375
2 0.558203125 0.572265625 0.0078125 0.0484375
2 0.440625 0.496875 0.009375 0.03828125
2 0.298828125 0.53984375 0.0109375 0.040625
2 0.378515625 0.759375 0.0140625 0.0609375
2 0.37890625 0.471875 0.009375 0.0359375
2 0.287890625 0.654296875 0.0171875 0.0546875
2 0.598828125 0.495703125 0.0078125 0.0359375
2 0.571875 0.546484375 0.01640625 0.04140625
2 0.33828125 0.521484375 0.01015625 0.0484375
1 0.877734375 0.496875 0.0109375 0.03984375
2 0.74375 0.501953125 0.009375 0.04296875
2 0.741015625 0.6453125 0.0125 0.0484375
2 0.373828125 0.58671875 0.0078125 0.04765625
2 0.703515625 0.70703125 0.0140625 0.06015625
2 0.2203125 0.824609375 0.01484375 0.0640625
2 0.493359375 0.85234375 0.0203125 0.06796875
3 0.381640625 0.37734375 0.00625 0.02578125
0 0.698046875 0.71796875 0.0046875 0.009375