3 0.859765625 0.9046875 0.03828125 0.08671875
2 0.666015625 0.345703125 0.009375 0.0359375
2 0.506640625 0.371484375 0.01015625 0.03515625
2 0.5765625 0.3078125 0.00859375 0.034375
0 0.738671875 0.84453125 0.00703125 0.01328125
2 0.77109375 0.541015625 0.01875 0.05625
2 0.687109375 0.444140625 0.0140625 0.0421875
2 0.39375 0.355078125 0.00859375 0.03984375
1 0.071484375 0.41484375 0.0125 0.04296875
2 0.708984375 0.406640625 0.0125 0.040625
2 0.738671875 0.4375 0.01640625 0.0453125
2 0.346875 0.455859375 0.009375 0.04765625
2 0.809765625 0.758203125 0.0203125 0.071875
2 0.627734375 0.341015625 0.01015625 0.034375
2 0.532421875 0.428125 0.01328125 0.0453125
2 0.403515625 0.575 0.01640625 0.05703125
2 0.566015625 0.440625 0.0125 0.04296875
2 0.187109375 0.584375 0.01328125 0.05390625
3 0.5234375 0.49296875 0.0140625 0.04921875
2 0.809375 0.7984375 0.0265625 0.07890625
2 0.143359375 0.565625 0.0203125 0.05703125
2 0.321875 0.5265625 0.0125 0.053125
2 0.23203125 0.749609375 0.0265625 0.06171875
2 0.158984375 0.678515625 0.01953125 0.059375
3 0.358984375 0.279296875 0.01015625 0.02890625