3 0.210546875 0.36015625 0.01015625 0.02578125
2 0.369140625 0.3875 0.0078125 0.0328125
2 0.25234375 0.41953125 0.0109375 0.0375
1 0.841796875 0.45078125 0.009375 0.0375
2 0.257421875 0.455078125 0.00625 0.0359375
2 0.74921875 0.49765625 0.01015625 0.0453125
2 0.357421875 0.41328125 0.00859375 0.0328125
3 0.455859375 0.519921875 0.009375 0.0453125
2 0.630078125 0.437109375 0.00625 0.040625
2 0.451953125 0.480078125 0.0078125 0.03828125
3 0.959375 0.693359375 0.02421875 0.05859375
2 0.199609375 0.720703125 0.0171875 0.065625
2 0.576171875 0.42265625 0.0109375 0.03984375
2 0.209765625 0.468359375 0.0109375 0.04296875
2 0.32734375 0.602734375 0.0109375 0.053125
2 0.857421875 0.704296875 0.0140625 0.071875
2 0.733984375 0.539453125 0.0109375 0.04921875
2 0.429296875 0.4921875 0.01171875 0.0453125
2 0.442578125 0.823046875 0.0234375 0.0671875
2 0.182421875 0.525390625 0.0125 0.04375
2 0.7859375 0.64453125 0.015625 0.059375
2 0.423046875 0.604296875 0.01484375 0.0546875
2 0.18046875 0.619921875 0.015625 0.0546875
2 0.303125 0.762109375 0.0140625 0.06875
0 0.826171875 0.457421875 0.00546875 0.01015625