3 0.435546875 0.224609375 0.0078125 0.034375
2 0.809765625 0.321484375 0.01015625 0.0453125
2 0.803515625 0.258203125 0.0109375 0.03671875
2 0.492578125 0.242578125 0.0078125 0.03359375
2 0.81640625 0.43671875 0.0109375 0.0640625
2 0.805078125 0.33671875 0.0125 0.04765625
2 0.803515625 0.385546875 0.0109375 0.04765625
2 0.781640625 0.275 0.0125 0.0390625
2 0.551171875 0.275 0.00625 0.0375
2 0.42734375 0.318359375 0.009375 0.04296875
2 0.823828125 0.428125 0.01484375 0.0546875
2 0.638671875 0.333203125 0.0109375 0.046875
2 0.792578125 0.320703125 0.009375 0.04140625
3 0.644921875 0.3546875 0.0109375 0.04765625
2 0.6890625 0.341015625 0.0109375 0.04375
2 0.272265625 0.38203125 0.0171875 0.0453125
2 0.434765625 0.36171875 0.01171875 0.0453125
2 0.710546875 0.5984375 0.01875 0.06953125
3 0.984375 0.96171875 0.03125 0.075
1 0.199609375 0.330078125 0.01796875 0.04765625
2 0.30234375 0.3703125 0.0109375 0.0484375
2 0.562109375 0.396484375 0.0171875 0.05234375
2 0.37109375 0.674609375 0.025 0.065625
0 0.21015625 0.349609375 0.00546875 0.0109375
2 0.73515625 0.237890625 0.009375 0.03984375