1 0.176171875 0.450390625 0.0078125 0.03828125
2 0.601171875 0.369140625 0.00703125 0.03046875
0 0.6328125 0.662890625 0.00546875 0.01328125
2 0.534765625 0.495703125 0.00859375 0.0421875
2 0.56875 0.669140625 0.0109375 0.0578125
2 0.729296875 0.467578125 0.01015625 0.0375
2 0.160546875 0.570703125 0.009375 0.04609375
2 0.41640625 0.4390625 0.0078125 0.03828125
2 0.3609375 0.550390625 0.01015625 0.05078125
2 0.59765625 0.518359375 0.0125 0.04296875
2 0.766796875 0.441015625 0.00859375 0.03984375
2 0.401953125 0.689453125 0.0140625 0.05703125
2 0.467578125 0.5625 0.0140625 0.0453125
2 0.316796875 0.50234375 0.0078125 0.03984375
3 0.551953125 0.522265625 0.0140625 0.04453125
2 0.585546875 0.662890625 0.0171875 0.05234375
2 0.391796875 0.554296875 0.0125 0.04921875
3 0.843359375 0.879296875 0.03125 0.07421875
2 0.724609375 0.592578125 0.009375 0.05
2 0.79296875 0.68046875 0.02265625 0.05703125
2 0.442578125 0.742578125 0.0171875 0.06328125
2 0.796484375 0.560546875 0.0125 0.053125
3 0.451953125 0.3109375 0.00859375 0.0296875
2 0.156640625 0.562109375 0.01015625 0.0484375
2 0.416015625 0.423828125 0.0078125 0.03515625