2 0.394140625 0.43828125 0.01171875 0.0390625
1 0.015234375 0.4296875 0.01328125 0.0390625
2 0.444140625 0.31171875 0.009375 0.02734375
2 0.276953125 0.417578125 0.0078125 0.04296875
2 0.281640625 0.514453125 0.01796875 0.05078125
2 0.596875 0.367578125 0.00703125 0.03515625
2 0.46640625 0.365234375 0.0078125 0.0359375
2 0.284375 0.41796875 0.009375 0.0453125
2 0.328125 0.36484375 0.00859375 0.03515625
2 0.393359375 0.327734375 0.0078125 0.03359375
3 0.391796875 0.453515625 0.0125 0.04453125
2 0.889453125 0.406640625 0.0109375 0.04296875
2 0.662890625 0.33046875 0.009375 0.03515625
2 0.471484375 0.5109375 0.00859375 0.0484375
2 0.57578125 0.398046875 0.0078125 0.0390625
2 0.594140625 0.43828125 0.009375 0.0421875
2 0.45703125 0.469140625 0.01015625 0.04765625
2 0.333984375 0.476953125 0.00859375 0.04609375
3 0.978515625 0.824609375 0.0203125 0.08125
2 0.812109375 0.494921875 0.015625 0.0453125
2 0.276171875 0.6046875 0.0109375 0.05703125
2 0.361328125 0.5609375 0.01171875 0.05546875
2 0.46640625 0.805859375 0.028125 0.06953125
0 0.80625 0.5125 0.00546875 0.009375
2 0.53359375 0.284375 0.0109375 0.03359375
3 0.354296875 0.2875 0.00859375 0.028125