3 0.37578125 0.56953125 0.01015625 0.040625
2 0.283984375 0.46171875 0.00859375 0.0359375
2 0.648046875 0.43046875 0.00703125 0.03359375
2 0.36796875 0.606640625 0.01015625 0.05234375
2 0.381640625 0.4078125 0.00625 0.03046875
1 0.140234375 0.500390625 0.009375 0.03984375
2 0.277734375 0.476953125 0.009375 0.040625
2 0.310546875 0.65 0.0203125 0.05234375
2 0.163671875 0.512109375 0.0078125 0.040625
2 0.683984375 0.4828125 0.009375 0.04375
2 0.432421875 0.50546875 0.009375 0.04296875
2 0.0796875 0.596875 0.009375 0.053125
2 0.604296875 0.432421875 0.009375 0.03515625
2 0.393359375 0.467578125 0.009375 0.040625
2 0.498046875 0.51953125 0.009375 0.040625
2 0.387109375 0.590625 0.0171875 0.05
2 0.187109375 0.73984375 0.0140625 0.06484375
2 0.673828125 0.598046875 0.01171875 0.05234375
2 0.311328125 0.54921875 0.01015625 0.04453125
2 0.237109375 0.625390625 0.01328125 0.05078125
3 0.722265625 0.945703125 0.0234375 0.07890625
2 0.45390625 0.592578125 0.0125 0.053125
2 0.458984375 0.716796875 0.02109375 0.0609375
0 0.150390625 0.512890625 0.0046875 0.00859375
3 0.319921875 0.36484375 0.00625 0.02890625