2 0.690234375 0.425 0.0109375 0.05
2 0.487890625 0.36484375 0.0078125 0.0390625
2 0.448046875 0.54453125 0.0203125 0.0609375
2 0.70078125 0.45234375 0.0140625 0.04375
3 0.5578125 0.521875 0.0171875 0.0640625
2 0.80078125 0.657421875 0.02265625 0.0796875
2 0.71484375 0.46953125 0.01640625 0.05
2 0.717578125 0.64609375 0.040625 0.0625
2 0.294921875 0.466015625 0.01171875 0.05703125
2 0.494140625 0.675390625 0.01953125 0.08828125
2 0.590625 0.6671875 0.0203125 0.08046875
2 0.335546875 0.576953125 0.0140625 0.0703125
2 0.433203125 0.662890625 0.015625 0.0875
2 0.193359375 0.662109375 0.01875 0.0953125
2 0.803125 0.76328125 0.0203125 0.096875
2 0.536328125 0.592578125 0.01875 0.06875
2 0.7046875 0.7578125 0.021875 0.08828125
2 0.609765625 0.682421875 0.021875 0.0875
2 0.47734375 0.70234375 0.01953125 0.0921875
2 0.420703125 0.54765625 0.0203125 0.071875
2 0.5 0.862109375 0.02734375 0.109375
0 0.796484375 0.659375 0.00703125 0.0140625
3 0.394921875 0.3265625 0.00625 0.0328125