0 0.7453125 0.578515625 0.009375 0.01484375
3 0.280859375 0.191796875 0.0078125 0.04296875
2 0.321484375 0.219140625 0.01015625 0.053125
2 0.606640625 0.283203125 0.0109375 0.05546875
2 0.345703125 0.28203125 0.0265625 0.06015625
2 0.665234375 0.278515625 0.0140625 0.05703125
2 0.24921875 0.2390625 0.0109375 0.05234375
2 0.179296875 0.318359375 0.01875 0.0671875
2 0.930859375 0.506640625 0.01953125 0.09609375
2 0.644921875 0.4734375 0.0140625 0.0859375
2 0.58203125 0.58515625 0.0203125 0.0875
2 0.3421875 0.409375 0.01953125 0.0796875
2 0.33671875 0.3640625 0.01796875 0.07265625
2 0.8421875 0.377734375 0.01796875 0.0703125
2 0.571484375 0.490234375 0.02109375 0.08984375
2 0.155859375 0.373046875 0.0171875 0.07265625
2 0.4859375 0.339453125 0.0171875 0.06796875
3 0.403515625 0.426953125 0.021875 0.0796875
2 0.640234375 0.3875 0.02421875 0.071875
2 0.299609375 0.41484375 0.01640625 0.08203125
2 0.097265625 0.405859375 0.021875 0.08203125
2 0.644140625 0.5828125 0.03828125 0.0921875
2 0.198828125 0.46015625 0.0359375 0.0890625