3 0.166015625 0.3828125 0.0078125 0.02734375
2 0.55625 0.43515625 0.00703125 0.0390625
2 0.703515625 0.445703125 0.00703125 0.03984375
2 0.505859375 0.39921875 0.0078125 0.03359375
2 0.315234375 0.38984375 0.00859375 0.03203125
2 0.370703125 0.450390625 0.0078125 0.03984375
2 0.61796875 0.492578125 0.0109375 0.04609375
2 0.887109375 0.527734375 0.02109375 0.05234375
2 0.912109375 0.540625 0.01953125 0.05
2 0.206640625 0.4140625 0.009375 0.0375
2 0.337109375 0.57734375 0.01015625 0.06015625
3 0.48984375 0.505078125 0.009375 0.04921875
2 0.366015625 0.501953125 0.01171875 0.05
2 0.188671875 0.512890625 0.0140625 0.0484375
2 0.176171875 0.48828125 0.0109375 0.04921875
2 0.674609375 0.531640625 0.015625 0.05234375
2 0.753515625 0.626953125 0.01875 0.06328125
2 0.587109375 0.719140625 0.02265625 0.07890625
2 0.1828125 0.559765625 0.01484375 0.065625
2 0.62265625 0.54296875 0.0203125 0.053125
2 0.836328125 0.646484375 0.0125 0.06875
2 0.433984375 0.687890625 0.021875 0.07421875
0 0.908984375 0.524609375 0.00703125 0.0125
1 0.86953125 0.457421875 0.0140625 0.0453125