2 0.5953125 0.440234375 0.00703125 0.034375
2 0.432421875 0.40078125 0.00625 0.028125
2 0.418359375 0.550390625 0.015625 0.04453125
2 0.640234375 0.478515625 0.009375 0.040625
2 0.659375 0.479296875 0.009375 0.03984375
2 0.639453125 0.55546875 0.0109375 0.0484375
2 0.45703125 0.7125 0.02578125 0.06171875
2 0.353125 0.537890625 0.01015625 0.053125
2 0.227734375 0.566015625 0.0140625 0.05078125
1 0.022265625 0.503125 0.01015625 0.04765625
3 0.45703125 0.527734375 0.01328125 0.05390625
2 0.68203125 0.555859375 0.0125 0.04921875
2 0.267578125 0.480859375 0.01171875 0.04375
2 0.396484375 0.766015625 0.02578125 0.06953125
2 0.683984375 0.66484375 0.015625 0.06875
2 0.3109375 0.710546875 0.015625 0.06796875
2 0.52421875 0.75078125 0.021875 0.08359375
2 0.666796875 0.660546875 0.015625 0.0734375
2 0.487890625 0.7609375 0.01875 0.07421875
2 0.172265625 0.63203125 0.02109375 0.065625
2 0.415234375 0.652734375 0.0171875 0.06484375
3 0.83359375 0.818359375 0.02421875 0.08828125
2 0.35625 0.52265625 0.0125 0.0546875
3 0.353125 0.380859375 0.00625 0.02578125
0 0.406640625 0.788671875 0.0078125 0.01328125