2 0.448046875 0.4 0.009375 0.03515625
2 0.496875 0.3828125 0.01328125 0.03671875
3 0.332421875 0.357421875 0.01015625 0.03359375
2 0.38046875 0.4140625 0.0109375 0.03515625
2 0.37109375 0.412890625 0.0140625 0.0375
2 0.411328125 0.373046875 0.0109375 0.03359375
2 0.570703125 0.4 0.009375 0.0390625
2 0.590625 0.403125 0.01015625 0.03984375
2 0.675 0.435546875 0.0109375 0.04765625
2 0.455078125 0.4203125 0.009375 0.040625
2 0.693359375 0.430859375 0.0125 0.04375
2 0.471875 0.420703125 0.01171875 0.04375
3 0.564453125 0.441015625 0.015625 0.04921875
2 0.800390625 0.5375 0.01640625 0.06171875
2 0.55390625 0.473046875 0.01640625 0.05234375
2 0.886328125 0.612109375 0.01484375 0.0703125
2 0.438671875 0.530859375 0.0109375 0.06015625
2 0.503515625 0.477734375 0.0109375 0.05546875
2 0.219140625 0.468359375 0.01640625 0.05546875
2 0.7234375 0.48828125 0.0109375 0.06015625
2 0.6875 0.75078125 0.025 0.0875
2 0.166796875 0.60703125 0.01875 0.07734375
0 0.36640625 0.418359375 0.0046875 0.01015625