2 0.3421875 0.472265625 0.01015625 0.03359375
2 0.553125 0.418359375 0.00703125 0.03359375
2 0.662890625 0.462109375 0.009375 0.0390625
2 0.482421875 0.390234375 0.0078125 0.02734375
2 0.683984375 0.455859375 0.00859375 0.0359375
2 0.19296875 0.53203125 0.01171875 0.04140625
2 0.30625 0.458203125 0.0125 0.040625
2 0.71640625 0.50703125 0.009375 0.04140625
2 0.56875 0.569140625 0.009375 0.04765625
2 0.80234375 0.61171875 0.01484375 0.0578125
2 0.70390625 0.515234375 0.01015625 0.0453125
2 0.791015625 0.668359375 0.01640625 0.05390625
2 0.45859375 0.514453125 0.01328125 0.0359375
3 0.476171875 0.494140625 0.01015625 0.0421875
2 0.378515625 0.489453125 0.009375 0.04375
2 0.719140625 0.58671875 0.01328125 0.0546875
2 0.130078125 0.51484375 0.0125 0.0484375
2 0.551171875 0.600390625 0.01484375 0.06015625
2 0.2546875 0.628125 0.0171875 0.05703125
2 0.098828125 0.644921875 0.015625 0.06953125
2 0.3640625 0.773046875 0.02109375 0.07734375
3 0.913671875 0.829296875 0.0234375 0.08828125
2 0.841796875 0.768359375 0.0203125 0.07578125
0 0.194921875 0.49453125 0.00625 0.01171875
3 0.3765625 0.373828125 0.0078125 0.02734375