3 0.337109375 0.371875 0.00625 0.0359375
2 0.580078125 0.40703125 0.00859375 0.034375
2 0.757421875 0.460546875 0.009375 0.04375
2 0.753515625 0.4765625 0.01015625 0.04765625
2 0.41015625 0.40703125 0.0125 0.034375
2 0.687109375 0.42265625 0.0109375 0.03828125
2 0.649609375 0.421875 0.0125 0.03828125
2 0.630078125 0.4765625 0.009375 0.04765625
2 0.5109375 0.445703125 0.00859375 0.0421875
2 0.389453125 0.489453125 0.009375 0.04765625
2 0.32109375 0.43984375 0.01015625 0.046875
3 0.60703125 0.503125 0.01328125 0.05703125
2 0.570703125 0.495703125 0.0125 0.05078125
2 0.625 0.529296875 0.0109375 0.0546875
2 0.8203125 0.537109375 0.0109375 0.059375
2 0.249609375 0.485546875 0.01015625 0.053125
2 0.608203125 0.5796875 0.0109375 0.06328125
1 0.05390625 0.46484375 0.0109375 0.04453125
2 0.534765625 0.61015625 0.0109375 0.06875
2 0.62734375 0.808984375 0.02265625 0.09375
2 0.868359375 0.569921875 0.01796875 0.0640625
2 0.130859375 0.71328125 0.01875 0.0859375
2 0.86875 0.669921875 0.0171875 0.075
0 0.40078125 0.425390625 0.0046875 0.009375