2 0.754296875 0.31171875 0.0109375 0.0546875
3 0.406640625 0.262890625 0.009375 0.04453125
2 0.415625 0.31015625 0.009375 0.05
2 0.698046875 0.314453125 0.0125 0.053125
2 0.51796875 0.30078125 0.0140625 0.0484375
2 0.869140625 0.444921875 0.0171875 0.07890625
2 0.191015625 0.340625 0.01171875 0.05546875
2 0.389453125 0.31953125 0.01328125 0.059375
2 0.57265625 0.314453125 0.025 0.04765625
2 0.809765625 0.36171875 0.0140625 0.0625
2 0.523828125 0.341015625 0.0109375 0.06015625
2 0.241015625 0.43046875 0.01640625 0.078125
2 0.498046875 0.330859375 0.01875 0.04765625
2 0.769140625 0.3640625 0.01328125 0.0671875
2 0.298046875 0.3578125 0.0125 0.06796875
3 0.48515625 0.390234375 0.0125 0.06796875
2 0.505078125 0.383203125 0.0140625 0.06484375
2 0.637890625 0.379296875 0.0140625 0.065625
2 0.719140625 0.584765625 0.01875 0.096875
2 0.44765625 0.670703125 0.0203125 0.10703125
2 0.329296875 0.4171875 0.01328125 0.0734375
2 0.746484375 0.490625 0.0203125 0.090625
0 0.55703125 0.182421875 0.0046875 0.01015625