2 0.623046875 0.3703125 0.01015625 0.03359375
2 0.631640625 0.37421875 0.0078125 0.03203125
2 0.440625 0.362890625 0.0109375 0.02734375
2 0.41875 0.3625 0.0171875 0.03046875
2 0.5046875 0.391796875 0.0125 0.0375
2 0.3359375 0.38046875 0.0125 0.03359375
2 0.55234375 0.4484375 0.01328125 0.0515625
2 0.465234375 0.387890625 0.0109375 0.040625
2 0.48984375 0.405078125 0.0109375 0.04140625
2 0.837890625 0.604296875 0.01953125 0.06796875
1 0.0796875 0.40078125 0.00859375 0.04296875
2 0.76796875 0.47734375 0.01328125 0.053125
2 0.732421875 0.421484375 0.009375 0.04453125
2 0.290625 0.42578125 0.01171875 0.046875
2 0.705859375 0.424609375 0.01328125 0.0453125
2 0.789453125 0.5296875 0.015625 0.06328125
2 0.38203125 0.48671875 0.0140625 0.0546875
2 0.228125 0.53515625 0.0171875 0.0671875
2 0.69375 0.740625 0.02421875 0.0875
0 0.356640625 0.38046875 0.0046875 0.009375
3 0.392578125 0.346875 0.0078125 0.03515625
3 0.554296875 0.4296875 0.01640625 0.04140625