2 0.580859375 0.2234375 0.009375 0.0421875
2 0.494921875 0.21015625 0.01015625 0.028125
2 0.391015625 0.25703125 0.00625 0.04375
2 0.478125 0.208203125 0.00859375 0.0375
2 0.57109375 0.223046875 0.00859375 0.0390625
2 0.58671875 0.21484375 0.01484375 0.028125
2 0.288671875 0.232421875 0.0078125 0.04453125
3 0.27265625 0.215625 0.009375 0.0375
2 0.269921875 0.28046875 0.0078125 0.04453125
2 0.498828125 0.26484375 0.0078125 0.04296875
2 0.453125 0.275390625 0.00859375 0.0453125
2 0.8234375 0.407421875 0.0125 0.059375
2 0.5765625 0.332421875 0.0109375 0.05
2 0.359765625 0.34453125 0.01015625 0.053125
2 0.757421875 0.343359375 0.0109375 0.05703125
2 0.212109375 0.479296875 0.01796875 0.06796875
2 0.79609375 0.384765625 0.0125 0.05859375
3 0.632421875 0.302734375 0.0109375 0.05
2 0.623828125 0.4375 0.01640625 0.06015625
2 0.29609375 0.9671875 0.021875 0.0640625
2 0.715234375 0.415234375 0.01484375 0.0625
2 0.672265625 0.7265625 0.02265625 0.084375
0 0.52109375 0.220703125 0.00546875 0.0109375
2 0.573046875 0.207421875 0.00703125 0.034375