2 0.362890625 0.36015625 0.0078125 0.03203125
2 0.276171875 0.366796875 0.0109375 0.03359375
2 0.569921875 0.407421875 0.01328125 0.0296875
2 0.521484375 0.302734375 0.0078125 0.02578125
2 0.583203125 0.426953125 0.01484375 0.0390625
2 0.5359375 0.56875 0.01640625 0.05
2 0.319140625 0.354296875 0.00859375 0.0328125
2 0.337890625 0.3953125 0.0078125 0.0296875
2 0.475390625 0.3484375 0.009375 0.02890625
2 0.576171875 0.33984375 0.0109375 0.0296875
3 0.525 0.3859375 0.01484375 0.0375
2 0.502734375 0.310546875 0.0125 0.02734375
2 0.439453125 0.4640625 0.0203125 0.04921875
2 0.724609375 0.567578125 0.01171875 0.05234375
2 0.484765625 0.440234375 0.0109375 0.03984375
2 0.2421875 0.4640625 0.01171875 0.046875
2 0.23984375 0.3875 0.0125 0.0375
2 0.226171875 0.4484375 0.0125 0.0421875
2 0.640234375 0.4109375 0.009375 0.03515625
3 0.897265625 0.69453125 0.0203125 0.06328125
2 0.701953125 0.464453125 0.00703125 0.04375
2 0.334375 0.32265625 0.0078125 0.03203125
3 0.251171875 0.299609375 0.00625 0.03046875
0 0.590625 0.444140625 0.0046875 0.0078125
1 0.851171875 0.367578125 0.01171875 0.0375