2 0.4 0.306640625 0.01015625 0.0390625
1 0.148828125 0.32578125 0.01015625 0.0390625
2 0.4078125 0.5109375 0.01875 0.0578125
2 0.803125 0.341015625 0.009375 0.0359375
2 0.2375 0.44296875 0.00859375 0.04921875
2 0.685546875 0.299609375 0.0078125 0.0328125
2 0.812109375 0.35234375 0.0078125 0.04140625
2 0.701953125 0.40703125 0.0140625 0.04375
2 0.333203125 0.31953125 0.0078125 0.0390625
2 0.777734375 0.5953125 0.0140625 0.0609375
3 0.4953125 0.45 0.01796875 0.04296875
2 0.650390625 0.455078125 0.0109375 0.0546875
2 0.65 0.316015625 0.009375 0.0375
2 0.441015625 0.510546875 0.0109375 0.04921875
2 0.397265625 0.384765625 0.009375 0.0453125
2 0.28828125 0.407421875 0.01015625 0.0484375
2 0.344921875 0.61171875 0.0140625 0.0640625
2 0.483984375 0.491015625 0.015625 0.04921875
2 0.8171875 0.465625 0.01484375 0.05390625
2 0.301171875 0.597265625 0.0296875 0.05390625
2 0.22265625 0.474609375 0.0125 0.05703125
3 0.92734375 0.849609375 0.028125 0.08828125
3 0.42734375 0.20546875 0.00859375 0.03125
2 0.40390625 0.49921875 0.021875 0.05
0 0.4359375 0.543359375 0.0046875 0.01015625