2 0.468359375 0.352734375 0.01484375 0.03671875
2 0.458203125 0.29296875 0.00859375 0.034375
2 0.545703125 0.281640625 0.00625 0.0296875
2 0.346484375 0.309765625 0.0078125 0.0375
2 0.369140625 0.373046875 0.009375 0.03359375
2 0.274609375 0.3921875 0.0140625 0.0453125
2 0.5765625 0.315625 0.00859375 0.040625
2 0.594140625 0.356640625 0.0109375 0.0390625
2 0.47109375 0.428125 0.0109375 0.04609375
2 0.338671875 0.30703125 0.00859375 0.03984375
2 0.416015625 0.33828125 0.009375 0.0359375
2 0.70234375 0.4171875 0.009375 0.04921875
3 0.513671875 0.361328125 0.009375 0.04296875
2 0.258203125 0.408984375 0.0109375 0.05078125
2 0.259765625 0.337109375 0.0109375 0.0390625
2 0.663671875 0.357421875 0.0109375 0.04453125
2 0.548046875 0.326953125 0.01328125 0.0390625
2 0.639453125 0.34921875 0.0078125 0.040625
2 0.27109375 0.475390625 0.0109375 0.05703125
2 0.546484375 0.397265625 0.0125 0.04296875
2 0.423828125 0.517578125 0.015625 0.0578125
3 0.905859375 0.79921875 0.0234375 0.08359375
0 0.483984375 0.355078125 0.00703125 0.0140625
3 0.289453125 0.242578125 0.01015625 0.03828125