3 0.12890625 0.298046875 0.009375 0.03359375
2 0.658203125 0.569140625 0.01796875 0.04140625
2 0.633203125 0.375 0.0140625 0.040625
1 0.772265625 0.342578125 0.0125 0.0390625
2 0.54609375 0.366796875 0.0140625 0.04453125
2 0.620703125 0.375390625 0.00859375 0.04296875
2 0.26015625 0.36328125 0.009375 0.03984375
2 0.71484375 0.490234375 0.01015625 0.04765625
3 0.98984375 0.645703125 0.0203125 0.07265625
2 0.671484375 0.55703125 0.0203125 0.0578125
2 0.366015625 0.41953125 0.0125 0.046875
2 0.580859375 0.347265625 0.009375 0.0390625
3 0.53359375 0.397265625 0.009375 0.046875
2 0.4328125 0.46953125 0.00859375 0.05234375
2 0.625390625 0.458203125 0.0203125 0.04453125
2 0.35 0.374609375 0.01171875 0.04296875
2 0.442578125 0.55078125 0.01484375 0.059375
2 0.165234375 0.40078125 0.0125 0.046875
2 0.18515625 0.409765625 0.01015625 0.046875
2 0.47109375 0.40234375 0.01015625 0.04375
2 0.220703125 0.526953125 0.0109375 0.059375
2 0.746484375 0.46796875 0.01484375 0.05078125
2 0.562890625 0.503515625 0.01484375 0.05
2 0.277734375 0.537890625 0.0171875 0.053125
0 0.6328125 0.553125 0.0078125 0.0125