3 0.2640625 0.23828125 0.0078125 0.02734375
2 0.444921875 0.257421875 0.00703125 0.02265625
2 0.43125 0.468359375 0.01875 0.046875
2 0.459375 0.4421875 0.015625 0.03984375
2 0.69921875 0.38203125 0.009375 0.03828125
2 0.283203125 0.30703125 0.0109375 0.0359375
2 0.2234375 0.441796875 0.01484375 0.04453125
2 0.548046875 0.4109375 0.009375 0.04453125
2 0.223828125 0.39453125 0.015625 0.03515625
2 0.476953125 0.28984375 0.01171875 0.03359375
2 0.584765625 0.306640625 0.01015625 0.0390625
1 0.971484375 0.343359375 0.0125 0.04453125
2 0.218359375 0.516015625 0.01953125 0.04765625
2 0.610546875 0.322265625 0.00859375 0.04296875
2 0.522265625 0.3640625 0.009375 0.040625
2 0.705859375 0.46953125 0.01484375 0.0578125
3 0.394140625 0.387890625 0.0140625 0.040625
2 0.266796875 0.544921875 0.015625 0.05859375
2 0.380078125 0.37265625 0.01171875 0.0375
2 0.258984375 0.3265625 0.01171875 0.0375
2 0.5953125 0.376953125 0.0140625 0.04453125
2 0.67734375 0.458203125 0.0125 0.05
2 0.37578125 0.5328125 0.028125 0.05234375
3 0.928125 0.768359375 0.021875 0.078125
0 0.276171875 0.541796875 0.00625 0.0109375