2 0.476953125 0.342578125 0.009375 0.04296875
1 0.756640625 0.339453125 0.0125 0.0375
2 0.481640625 0.335546875 0.009375 0.03984375
3 0.105078125 0.298046875 0.0109375 0.03515625
2 0.124609375 0.385546875 0.009375 0.04375
2 0.388671875 0.445703125 0.0140625 0.0421875
2 0.160546875 0.508203125 0.0109375 0.05546875
3 0.421484375 0.39765625 0.009375 0.04375
2 0.530078125 0.387890625 0.0171875 0.0390625
2 0.283984375 0.354296875 0.0078125 0.0359375
2 0.58984375 0.4109375 0.01640625 0.04296875
2 0.15 0.403515625 0.01171875 0.04453125
2 0.24453125 0.349609375 0.0078125 0.03984375
2 0.284765625 0.402734375 0.009375 0.0390625
2 0.541796875 0.366015625 0.0125 0.04140625
2 0.57265625 0.465234375 0.0078125 0.04765625
2 0.659375 0.475 0.01015625 0.04453125
2 0.473828125 0.46796875 0.00859375 0.03984375
2 0.488671875 0.416796875 0.0125 0.04296875
2 0.187109375 0.519140625 0.0109375 0.04921875
2 0.75625 0.614453125 0.0140625 0.06171875
2 0.380859375 0.51796875 0.0109375 0.0578125
3 0.88203125 0.679296875 0.0171875 0.075
0 0.390625 0.46640625 0.00546875 0.009375
2 0.4171875 0.3984375 0.01171875 0.0421875