3 0.464453125 0.221484375 0.009375 0.028125
2 0.314453125 0.459375 0.01875 0.04921875
1 0.133984375 0.3421875 0.01171875 0.034375
2 0.633984375 0.2609375 0.0109375 0.02890625
2 0.45859375 0.428125 0.0171875 0.04375
2 0.454296875 0.2875 0.0140625 0.0328125
2 0.813671875 0.328125 0.0109375 0.03828125
2 0.4765625 0.383984375 0.01796875 0.0421875
2 0.857421875 0.44296875 0.0140625 0.04921875
2 0.419140625 0.31953125 0.0140625 0.03515625
2 0.71484375 0.44296875 0.009375 0.0421875
2 0.353515625 0.528515625 0.025 0.05546875
2 0.743359375 0.38515625 0.009375 0.0390625
2 0.89453125 0.516796875 0.01328125 0.05546875
2 0.700390625 0.30234375 0.0125 0.0328125
2 0.808984375 0.4046875 0.0125 0.046875
3 0.51015625 0.398828125 0.0125 0.0421875
2 0.35078125 0.47734375 0.01328125 0.053125
2 0.844921875 0.3546875 0.0140625 0.0390625
2 0.737890625 0.512109375 0.015625 0.05546875
2 0.38828125 0.48046875 0.0171875 0.05
2 0.30390625 0.436328125 0.01640625 0.04765625
0 0.291015625 0.47890625 0.00546875 0.0109375
2 0.463671875 0.407421875 0.01875 0.04609375