2 0.471484375 0.36796875 0.01015625 0.0375
2 0.463671875 0.27265625 0.00625 0.03046875
1 0.032421875 0.36328125 0.01484375 0.04375
2 0.352734375 0.2875 0.009375 0.034375
2 0.311328125 0.362109375 0.009375 0.04296875
2 0.273046875 0.4671875 0.01171875 0.0453125
2 0.403515625 0.63046875 0.02265625 0.05234375
2 0.534765625 0.32578125 0.00859375 0.040625
2 0.651953125 0.3625 0.009375 0.0453125
2 0.777734375 0.490625 0.01328125 0.05546875
2 0.7140625 0.671484375 0.01796875 0.06796875
2 0.679296875 0.51484375 0.01484375 0.0515625
2 0.38828125 0.2734375 0.0078125 0.034375
2 0.30234375 0.36171875 0.0109375 0.04296875
2 0.603515625 0.51015625 0.01484375 0.05
3 0.428515625 0.406640625 0.009375 0.04453125
2 0.305859375 0.494921875 0.0109375 0.04765625
2 0.741015625 0.3015625 0.00859375 0.0375
2 0.787109375 0.70546875 0.0171875 0.06875
2 0.857421875 0.470703125 0.01875 0.053125
0 0.780078125 0.728125 0.00625 0.0140625
2 0.554296875 0.230078125 0.00859375 0.034375
3 0.3609375 0.21484375 0.0078125 0.0328125
2 0.38828125 0.6171875 0.015625 0.0578125