2 0.5203125 0.3359375 0.021875 0.040625
2 0.563671875 0.293359375 0.01328125 0.0375
1 0.702734375 0.2859375 0.0109375 0.0390625
2 0.659765625 0.32421875 0.0109375 0.04296875
2 0.505078125 0.26015625 0.01015625 0.0375
2 0.633203125 0.294921875 0.00859375 0.0453125
2 0.700390625 0.4203125 0.0265625 0.0515625
2 0.57734375 0.3 0.01015625 0.0421875
2 0.187109375 0.283984375 0.0078125 0.04140625
2 0.551953125 0.355859375 0.01015625 0.04921875
2 0.221484375 0.337109375 0.015625 0.046875
3 0.498828125 0.353515625 0.01484375 0.0484375
2 0.226171875 0.41328125 0.0125 0.053125
2 0.8546875 0.5375 0.01484375 0.0640625
2 0.160546875 0.29296875 0.0109375 0.04375
2 0.198046875 0.358203125 0.01484375 0.046875
2 0.159765625 0.4859375 0.01171875 0.0609375
2 0.044921875 0.3421875 0.015625 0.046875
2 0.391015625 0.32265625 0.015625 0.04296875
0 0.848828125 0.53515625 0.00625 0.0109375
2 0.5109375 0.25625 0.00859375 0.03359375
2 0.57109375 0.28046875 0.01015625 0.03671875
2 0.513671875 0.311328125 0.0203125 0.04296875