2 0.689453125 0.383984375 0.0078125 0.04375
2 0.7390625 0.346484375 0.009375 0.04296875
2 0.846484375 0.41953125 0.0109375 0.0484375
2 0.679296875 0.318359375 0.0078125 0.0390625
2 0.609765625 0.303515625 0.01015625 0.040625
2 0.8375 0.42578125 0.01875 0.05
2 0.49609375 0.31796875 0.009375 0.04140625
2 0.376171875 0.344140625 0.0140625 0.046875
2 0.23515625 0.29453125 0.009375 0.0390625
2 0.5890625 0.2890625 0.00859375 0.04296875
3 0.578515625 0.368359375 0.01015625 0.04453125
2 0.21328125 0.310546875 0.0125 0.0421875
2 0.365234375 0.369140625 0.0109375 0.04765625
2 0.31640625 0.441796875 0.015625 0.0578125
2 0.68046875 0.425 0.0125 0.0578125
2 0.13125 0.365234375 0.0109375 0.04765625
2 0.302734375 0.45546875 0.0171875 0.059375
1 0.716796875 0.2953125 0.01328125 0.04453125
2 0.6859375 0.305078125 0.0109375 0.0484375
2 0.6484375 0.324609375 0.0109375 0.046875
2 0.64765625 0.30390625 0.01015625 0.046875
2 0.614453125 0.287109375 0.01015625 0.04375