1 0.8265625 0.312890625 0.0125 0.02734375
2 0.44375 0.273046875 0.00625 0.0296875
2 0.283203125 0.3453125 0.00703125 0.03125
2 0.617578125 0.335546875 0.01015625 0.0375
2 0.306640625 0.299609375 0.00703125 0.02890625
2 0.28046875 0.371484375 0.009375 0.0390625
2 0.445703125 0.325390625 0.00625 0.0359375
1 0.014453125 0.395703125 0.0109375 0.0421875
2 0.696484375 0.2765625 0.00859375 0.03046875
2 0.790234375 0.384375 0.009375 0.03515625
2 0.569921875 0.41015625 0.009375 0.0390625
2 0.758984375 0.377734375 0.009375 0.04296875
2 0.256640625 0.55546875 0.01171875 0.05234375
2 0.465234375 0.321875 0.009375 0.034375
2 0.2359375 0.680078125 0.0125 0.0578125
3 0.3703125 0.394921875 0.009375 0.0421875
2 0.617578125 0.612890625 0.0203125 0.0609375
2 0.645703125 0.4078125 0.0140625 0.04140625
2 0.256640625 0.4375 0.0078125 0.04921875
2 0.319140625 0.499609375 0.01171875 0.05078125
2 0.548828125 0.517578125 0.0125 0.05234375
2 0.3328125 0.3015625 0.0078125 0.03046875
3 0.312109375 0.24296875 0.00625 0.02734375
0 0.7875 0.341015625 0.00390625 0.00625