2 0.41953125 0.265625 0.00703125 0.0296875
2 0.633984375 0.417578125 0.00859375 0.04453125
2 0.42421875 0.332421875 0.0078125 0.03515625
2 0.270703125 0.347265625 0.009375 0.0375
2 0.56953125 0.32734375 0.0078125 0.0375
2 0.334375 0.271484375 0.0078125 0.0296875
1 0.852734375 0.339453125 0.0140625 0.0359375
2 0.30078125 0.285546875 0.00703125 0.03046875
2 0.324609375 0.444921875 0.01171875 0.04921875
2 0.276953125 0.494140625 0.0109375 0.0421875
2 0.484375 0.319921875 0.00859375 0.0359375
2 0.257421875 0.376953125 0.01015625 0.04296875
2 0.44140625 0.41015625 0.01015625 0.04296875
3 0.384375 0.38046875 0.009375 0.040625
2 0.507421875 0.43515625 0.00859375 0.0484375
2 0.76484375 0.434375 0.01015625 0.04453125
2 0.246484375 0.41484375 0.009375 0.05
2 0.489453125 0.530078125 0.01796875 0.053125
2 0.63984375 0.28984375 0.0078125 0.0375
3 0.95234375 0.68203125 0.01953125 0.065625
2 0.375390625 0.54296875 0.01171875 0.05703125
2 0.694921875 0.692578125 0.0203125 0.0703125
3 0.306640625 0.233984375 0.00859375 0.02734375
2 0.484375 0.239453125 0.00703125 0.0296875
0 0.7578125 0.4546875 0.0046875 0.009375