2 0.60859375 0.357421875 0.0125 0.0375
2 0.6234375 0.2890625 0.009375 0.0296875
2 0.719140625 0.30078125 0.00703125 0.03203125
2 0.440625 0.323046875 0.00859375 0.03359375
2 0.625 0.35234375 0.0125 0.0328125
2 0.566796875 0.324609375 0.0078125 0.034375
2 0.54453125 0.294140625 0.00703125 0.03359375
2 0.522265625 0.36640625 0.01015625 0.040625
3 0.448046875 0.27109375 0.00703125 0.0265625
2 0.507421875 0.317578125 0.00703125 0.03359375
2 0.3703125 0.429296875 0.01171875 0.0453125
2 0.658984375 0.321875 0.009375 0.034375
2 0.41875 0.3453125 0.01171875 0.0375
3 0.70234375 0.366796875 0.0078125 0.0375
2 0.732421875 0.59921875 0.021875 0.0609375
2 0.584765625 0.399609375 0.0140625 0.0359375
2 0.686328125 0.409375 0.0109375 0.040625
2 0.836328125 0.390234375 0.0140625 0.03984375
1 0.1015625 0.393359375 0.01171875 0.04453125
2 0.405078125 0.39765625 0.01015625 0.03984375
2 0.8078125 0.478125 0.0125 0.05078125
2 0.445703125 0.6015625 0.01875 0.05078125
0 0.6078125 0.377734375 0.00546875 0.009375