2 0.686328125 0.385546875 0.009375 0.04140625
2 0.680859375 0.320703125 0.00625 0.04296875
2 0.594140625 0.334375 0.0125 0.04453125
2 0.640234375 0.35078125 0.00859375 0.040625
2 0.725390625 0.337890625 0.009375 0.04296875
3 0.021484375 0.269140625 0.0109375 0.0421875
2 0.27109375 0.296875 0.009375 0.0421875
2 0.711328125 0.35 0.0109375 0.0484375
2 0.74375 0.391796875 0.0109375 0.05
2 0.65234375 0.36328125 0.01015625 0.04765625
2 0.523828125 0.318359375 0.0125 0.0390625
2 0.390234375 0.446875 0.01015625 0.05859375
3 0.592578125 0.375 0.01015625 0.05234375
2 0.255078125 0.321875 0.0078125 0.04296875
2 0.49765625 0.35546875 0.01015625 0.046875
2 0.680859375 0.412890625 0.0140625 0.053125
2 0.179296875 0.38203125 0.01171875 0.04921875
2 0.380078125 0.4515625 0.01171875 0.06015625
2 0.458203125 0.382421875 0.01015625 0.05
1 0.73125 0.29609375 0.0125 0.046875
0 0.56328125 0.298046875 0.00546875 0.01015625
2 0.5828125 0.328515625 0.015625 0.04140625
2 0.60703125 0.297265625 0.01171875 0.0390625
2 0.61640625 0.300390625 0.01328125 0.03515625