2 0.504296875 0.249609375 0.0078125 0.02734375
2 0.50234375 0.45078125 0.0078125 0.04453125
2 0.491796875 0.28828125 0.00703125 0.02734375
2 0.40859375 0.244921875 0.00703125 0.02734375
3 0.532421875 0.7390625 0.01640625 0.08125
2 0.595703125 0.289453125 0.0078125 0.0359375
2 0.390234375 0.256640625 0.0078125 0.02578125
2 0.558984375 0.305859375 0.00859375 0.0359375
2 0.633203125 0.358984375 0.00703125 0.0375
2 0.344140625 0.3125 0.0078125 0.034375
1 0.89296875 0.334375 0.0109375 0.0375
2 0.696484375 0.279296875 0.0078125 0.0328125
2 0.315234375 0.435546875 0.009375 0.04375
3 0.421484375 0.348046875 0.0078125 0.0390625
2 0.548828125 0.352734375 0.0078125 0.0390625
2 0.319140625 0.369921875 0.009375 0.04140625
1 0.055078125 0.366015625 0.01171875 0.04375
2 0.39140625 0.399609375 0.009375 0.04375
2 0.4796875 0.347265625 0.00859375 0.0375
2 0.328125 0.354296875 0.009375 0.0375
2 0.840234375 0.40234375 0.0078125 0.0453125
2 0.626953125 0.703125 0.0171875 0.06953125
2 0.36953125 0.539453125 0.015625 0.05078125
3 0.365234375 0.225 0.00859375 0.0359375
2 0.56328125 0.229296875 0.009375 0.0359375
0 0.68828125 0.294921875 0.0046875 0.00859375