2 0.78515625 0.298046875 0.01015625 0.04296875
3 0.383203125 0.257421875 0.0078125 0.0375
2 0.787890625 0.333984375 0.01015625 0.0453125
1 0.150390625 0.35546875 0.0109375 0.0484375
2 0.365625 0.290234375 0.01015625 0.0359375
2 0.74609375 0.316015625 0.01015625 0.04140625
2 0.542578125 0.310546875 0.009375 0.04375
2 0.365625 0.32578125 0.0078125 0.046875
2 0.558203125 0.3328125 0.0125 0.04765625
2 0.504296875 0.27578125 0.00703125 0.0375
2 0.51796875 0.294921875 0.01015625 0.0421875
2 0.649609375 0.41328125 0.009375 0.053125
2 0.848828125 0.410546875 0.0125 0.05859375
2 0.8390625 0.378515625 0.0125 0.059375
3 0.61953125 0.369140625 0.0109375 0.05078125
2 0.826171875 0.3828125 0.01484375 0.06015625
2 0.697265625 0.377734375 0.0125 0.05546875
2 0.133984375 0.4375 0.0109375 0.065625
2 0.433984375 0.359375 0.0109375 0.05234375
2 0.86953125 0.562890625 0.0265625 0.0796875
2 0.4671875 0.408203125 0.0109375 0.059375
2 0.912109375 0.817578125 0.021875 0.11484375
3 0.969140625 0.871875 0.02734375 0.12890625
2 0.385546875 0.604296875 0.0203125 0.08828125
0 0.148828125 0.3921875 0.00625 0.01171875