0 0.964453125 0.79296875 0.01015625 0.021875
0 0.422265625 0.51015625 0.00625 0.0109375
3 0.286328125 0.265234375 0.01015625 0.0328125
2 0.651953125 0.325390625 0.009375 0.04765625
2 0.724609375 0.38828125 0.01015625 0.0640625
3 0.5484375 0.394921875 0.0109375 0.05703125
2 0.424609375 0.292578125 0.009375 0.0390625
2 0.62890625 0.297265625 0.01015625 0.04296875
2 0.68828125 0.377734375 0.01640625 0.0671875
2 0.51328125 0.344140625 0.01484375 0.05078125
2 0.455078125 0.349609375 0.0171875 0.03984375
2 0.638671875 0.456640625 0.009375 0.0703125
2 0.409765625 0.501953125 0.0234375 0.06875
2 0.524609375 0.49296875 0.01328125 0.05859375
2 0.602734375 0.40703125 0.0125 0.06015625
2 0.544140625 0.558984375 0.01640625 0.0828125
2 0.74296875 0.469140625 0.0140625 0.071875
2 0.826953125 0.61953125 0.0171875 0.0875
2 0.8515625 0.74453125 0.021875 0.10390625
2 0.11328125 0.552734375 0.01328125 0.0796875
2 0.3203125 0.4875 0.021875 0.06953125
2 0.516015625 0.689453125 0.0203125 0.10078125
2 0.284765625 0.35703125 0.01171875 0.0546875
3 0.974609375 0.77265625 0.02578125 0.11015625
2 0.691796875 0.364453125 0.01328125 0.0609375