2 0.55234375 0.284765625 0.0109375 0.03984375
3 0.587109375 0.321484375 0.01328125 0.046875
2 0.744140625 0.297265625 0.0125 0.0390625
2 0.629296875 0.264453125 0.0109375 0.0328125
2 0.433984375 0.275390625 0.00859375 0.03984375
2 0.647265625 0.328125 0.00859375 0.03984375
2 0.465625 0.256640625 0.009375 0.03515625
2 0.684765625 0.3015625 0.01015625 0.04140625
2 0.438671875 0.3015625 0.0140625 0.0375
2 0.500390625 0.272265625 0.0109375 0.0375
2 0.520703125 0.2796875 0.01015625 0.040625
2 0.783203125 0.309375 0.015625 0.0484375
1 0.122265625 0.301953125 0.0109375 0.04453125
3 0.991796875 0.829296875 0.01640625 0.09921875
2 0.815234375 0.31328125 0.01171875 0.04921875
2 0.273046875 0.291796875 0.01015625 0.04453125
2 0.820703125 0.358984375 0.0125 0.05078125
2 0.518359375 0.353125 0.00859375 0.053125
2 0.268359375 0.350390625 0.01328125 0.05078125
2 0.592578125 0.376953125 0.0140625 0.0578125
2 0.650390625 0.39765625 0.015625 0.04921875
2 0.323828125 0.45234375 0.0140625 0.065625
3 0.36484375 0.2359375 0.009375 0.03671875
0 0.433984375 0.316796875 0.00625 0.01171875
2 0.646484375 0.270703125 0.0109375 0.03984375