2 0.6234375 0.444140625 0.01796875 0.0546875
2 0.396484375 0.300390625 0.01171875 0.04296875
2 0.603515625 0.4015625 0.0171875 0.04765625
1 0.128515625 0.3171875 0.015625 0.04921875
3 0.40390625 0.441015625 0.01953125 0.0640625
2 0.32734375 0.38515625 0.0125 0.05
2 0.523828125 0.375390625 0.0125 0.05703125
2 0.24453125 0.354296875 0.01875 0.05078125
2 0.712109375 0.3375 0.01796875 0.053125
2 0.217578125 0.393359375 0.0171875 0.05546875
2 0.436328125 0.300390625 0.01328125 0.0453125
2 0.19609375 0.375 0.0171875 0.0578125
2 0.858203125 0.36171875 0.01875 0.05078125
2 0.68984375 0.333984375 0.0140625 0.05078125
2 0.47109375 0.391015625 0.01640625 0.0546875
2 0.483203125 0.43828125 0.015625 0.0640625
2 0.549609375 0.340625 0.01484375 0.05
2 0.365234375 0.4203125 0.02109375 0.0609375
2 0.59921875 0.5015625 0.028125 0.065625
2 0.396484375 0.527734375 0.0328125 0.0703125
2 0.793359375 0.457421875 0.0203125 0.0703125
2 0.27578125 0.4671875 0.025 0.06953125
3 0.927734375 0.824609375 0.03125 0.11953125
0 0.48671875 0.46640625 0.0109375 0.0171875
3 0.473046875 0.216015625 0.01328125 0.03984375