2 0.444140625 0.262890625 0.015625 0.04296875
0 0.269140625 0.629296875 0.01015625 0.0140625
2 0.74296875 0.26953125 0.01015625 0.04296875
2 0.41484375 0.268359375 0.0140625 0.0390625
3 0.461328125 0.37578125 0.02109375 0.059375
2 0.340625 0.3375 0.02421875 0.05078125
2 0.24921875 0.446875 0.028125 0.0625
2 0.387890625 0.325390625 0.0203125 0.0546875
2 0.7734375 0.2984375 0.01328125 0.04921875
2 0.699609375 0.335546875 0.01015625 0.053125
2 0.3765625 0.3890625 0.01796875 0.05234375
2 0.36171875 0.369140625 0.01640625 0.06015625
2 0.708984375 0.278515625 0.0140625 0.046875
2 0.529296875 0.31484375 0.01484375 0.05
2 0.246875 0.493359375 0.0296875 0.07265625
2 0.501953125 0.423046875 0.0203125 0.06875
2 0.3921875 0.389453125 0.01953125 0.06015625
2 0.63359375 0.394140625 0.021875 0.06796875
2 0.283203125 0.358203125 0.02109375 0.05703125
2 0.805859375 0.37578125 0.0140625 0.06484375
2 0.5703125 0.491015625 0.0140625 0.0640625
2 0.219921875 0.6921875 0.04609375 0.0953125
3 0.380859375 0.22578125 0.015625 0.03984375