2 0.338671875 0.387890625 0.01640625 0.059375
2 0.26875 0.351953125 0.025 0.05703125
2 0.323046875 0.387890625 0.01640625 0.06484375
2 0.448828125 0.276953125 0.009375 0.04296875
2 0.728125 0.318359375 0.0140625 0.05
2 0.308984375 0.358203125 0.01328125 0.053125
2 0.14921875 0.378125 0.0140625 0.0625
2 0.806640625 0.374609375 0.009375 0.06015625
2 0.794140625 0.433984375 0.0140625 0.0734375
2 0.816015625 0.374609375 0.0109375 0.0625
2 0.418359375 0.427734375 0.0125 0.06484375
2 0.546875 0.374609375 0.0125 0.0625
2 0.17265625 0.4375 0.015625 0.065625
2 0.580078125 0.368359375 0.0109375 0.0609375
2 0.433984375 0.43828125 0.015625 0.06796875
3 0.451171875 0.41484375 0.015625 0.06875
2 0.637890625 0.487890625 0.0234375 0.07421875
2 0.6625 0.539453125 0.01875 0.07734375
2 0.753515625 0.440625 0.01640625 0.06875
2 0.381640625 0.540234375 0.02578125 0.075
0 0.290625 0.369140625 0.009375 0.01640625
3 0.384765625 0.2203125 0.01171875 0.040625
2 0.3296875 0.39140625 0.0140625 0.0609375