2 0.683203125 0.295703125 0.009375 0.03984375
2 0.670703125 0.31171875 0.01640625 0.0421875
3 0.644921875 0.322265625 0.00703125 0.0484375
2 0.70625 0.31796875 0.0140625 0.04296875
2 0.769921875 0.351953125 0.01484375 0.05
2 0.6265625 0.3328125 0.0109375 0.04921875
2 0.58359375 0.291015625 0.01328125 0.04375
2 0.720703125 0.344140625 0.0125 0.04921875
2 0.34296875 0.353515625 0.01015625 0.05234375
2 0.662109375 0.3625 0.015625 0.05078125
2 0.462109375 0.295703125 0.0078125 0.04140625
2 0.492578125 0.33984375 0.009375 0.0484375
2 0.78359375 0.368359375 0.01640625 0.046875
2 0.605078125 0.4265625 0.01484375 0.06015625
2 0.241015625 0.393359375 0.0171875 0.059375
2 0.426953125 0.769140625 0.025 0.103125
2 0.255078125 0.43828125 0.0140625 0.0625
2 0.291015625 0.46484375 0.021875 0.06328125
2 0.388671875 0.77734375 0.0234375 0.10703125
2 0.620703125 0.539453125 0.0265625 0.0734375
2 0.765625 0.46953125 0.01796875 0.06328125
2 0.826171875 0.390625 0.0171875 0.05390625
3 0.2984375 0.259375 0.0109375 0.0375
2 0.6078125 0.253125 0.01015625 0.03984375
0 0.716796875 0.362109375 0.0046875 0.0109375