1 0.162890625 0.3140625 0.0125 0.046875
2 0.290234375 0.356640625 0.01796875 0.0515625
2 0.366796875 0.297265625 0.0109375 0.046875
2 0.1703125 0.403125 0.01171875 0.0625
2 0.4078125 0.2859375 0.009375 0.046875
2 0.363671875 0.3734375 0.0125 0.05859375
2 0.318359375 0.3828125 0.0109375 0.04765625
2 0.740625 0.289453125 0.02109375 0.0453125
2 0.669140625 0.324609375 0.01015625 0.053125
2 0.342578125 0.41953125 0.0171875 0.0625
2 0.234765625 0.40546875 0.0140625 0.059375
2 0.869921875 0.4421875 0.01484375 0.071875
2 0.919921875 0.343359375 0.0140625 0.05546875
3 0.391796875 0.4203125 0.0109375 0.0671875
2 0.19296875 0.474609375 0.015625 0.071875
2 0.598046875 0.328515625 0.0125 0.053125
2 0.699609375 0.4046875 0.02265625 0.06484375
2 0.5703125 0.44765625 0.01796875 0.071875
2 0.2109375 0.517578125 0.03359375 0.07421875
2 0.46484375 0.5625 0.01875 0.0828125
2 0.291015625 0.334375 0.01484375 0.05234375
2 0.35703125 0.376953125 0.0140625 0.05
0 0.355078125 0.3953125 0.00625 0.0140625
3 0.50078125 0.21484375 0.00859375 0.0359375