2 0.32421875 0.24765625 0.009375 0.0328125
3 0.185546875 0.2375 0.01484375 0.03984375
1 0.99375 0.309765625 0.0125 0.0453125
2 0.327734375 0.2625 0.01015625 0.0421875
2 0.503515625 0.259375 0.0125 0.05390625
2 0.330859375 0.29296875 0.0109375 0.05078125
2 0.559765625 0.239453125 0.0125 0.03984375
2 0.199609375 0.433203125 0.0234375 0.0703125
2 0.229296875 0.278125 0.0171875 0.0453125
2 0.54140625 0.255078125 0.01484375 0.03984375
2 0.583203125 0.237109375 0.0140625 0.04453125
2 0.37890625 0.234375 0.0140625 0.040625
2 0.1640625 0.31171875 0.0109375 0.05859375
2 0.338671875 0.330078125 0.015625 0.053125
2 0.203515625 0.297265625 0.0109375 0.05546875
3 0.37890625 0.306640625 0.01015625 0.05390625
2 0.65234375 0.28984375 0.0125 0.05546875
2 0.477734375 0.3046875 0.0125 0.05546875
2 0.559375 0.303515625 0.01875 0.0484375
2 0.48984375 0.457421875 0.01953125 0.07265625
2 0.760546875 0.393359375 0.015625 0.06328125
2 0.41953125 0.44765625 0.0265625 0.071875
0 0.42109375 0.26796875 0.00703125 0.0125