0 0.207421875 0.51953125 0.00625 0.0109375
2 0.646875 0.296875 0.00859375 0.04375
3 0.28671875 0.258203125 0.01171875 0.03515625
2 0.641796875 0.257421875 0.0078125 0.040625
2 0.546484375 0.32265625 0.009375 0.053125
2 0.788671875 0.496875 0.01015625 0.0734375
2 0.551953125 0.334375 0.0078125 0.05
2 0.446484375 0.2796875 0.01015625 0.04453125
2 0.694140625 0.33984375 0.009375 0.05390625
2 0.63046875 0.362109375 0.0109375 0.053125
2 0.608984375 0.371875 0.0125 0.05859375
2 0.668359375 0.3625 0.0109375 0.0625
2 0.173046875 0.496875 0.028125 0.065625
3 0.58671875 0.4046875 0.0125 0.0609375
2 0.756640625 0.441796875 0.0140625 0.0671875
2 0.43125 0.455078125 0.0125 0.071875
2 0.309765625 0.346484375 0.01328125 0.05546875
2 0.626953125 0.455859375 0.0140625 0.0640625
2 0.780859375 0.5078125 0.0140625 0.075
2 0.8046875 0.4296875 0.015625 0.0703125
2 0.501953125 0.43828125 0.0140625 0.071875
2 0.544140625 0.540234375 0.01484375 0.0859375
2 0.294140625 0.72578125 0.025 0.1078125