2 0.543359375 0.37734375 0.0109375 0.03984375
2 0.330859375 0.465625 0.0125 0.05546875
2 0.8234375 0.53359375 0.01484375 0.0671875
2 0.311328125 0.358984375 0.0109375 0.0375
2 0.747265625 0.389453125 0.009375 0.04140625
1 0.103515625 0.409765625 0.01015625 0.04296875
3 0.558203125 0.4234375 0.01015625 0.04375
2 0.35859375 0.565625 0.01640625 0.05234375
2 0.4140625 0.56484375 0.02734375 0.059375
2 0.600390625 0.380859375 0.00703125 0.03984375
2 0.811328125 0.474609375 0.0125 0.05078125
2 0.251953125 0.6390625 0.0140625 0.07265625
2 0.3546875 0.425 0.01015625 0.05
2 0.662890625 0.468359375 0.01015625 0.05390625
2 0.62734375 0.60625 0.03046875 0.05703125
2 0.253515625 0.54453125 0.015625 0.0609375
2 0.733203125 0.475 0.0125 0.05390625
2 0.537109375 0.605078125 0.02421875 0.0640625
2 0.17890625 0.549609375 0.01875 0.06015625
3 0.93515625 0.7578125 0.021875 0.08984375
2 0.37890625 0.62265625 0.0234375 0.06953125
3 0.4046875 0.297265625 0.00703125 0.02890625
0 0.375 0.591015625 0.00859375 0.01171875
2 0.537109375 0.315234375 0.0078125 0.03359375
2 0.826953125 0.4953125 0.015625 0.05859375