2 0.51484375 0.258984375 0.0078125 0.0359375
2 0.52265625 0.283984375 0.0078125 0.0375
2 0.578125 0.271484375 0.01171875 0.0390625
2 0.5984375 0.274609375 0.01015625 0.0359375
2 0.375 0.3015625 0.00859375 0.04375
2 0.548046875 0.244921875 0.01015625 0.034375
2 0.337109375 0.267578125 0.009375 0.0390625
2 0.617578125 0.2984375 0.01015625 0.0453125
2 0.538671875 0.3234375 0.00859375 0.0375
3 0.553125 0.303515625 0.009375 0.04453125
2 0.38671875 0.325390625 0.009375 0.0453125
2 0.525390625 0.368359375 0.0109375 0.05
2 0.202734375 0.312890625 0.01328125 0.04453125
2 0.343359375 0.362109375 0.01328125 0.05
2 0.701171875 0.3171875 0.01484375 0.04765625
1 0.915234375 0.31171875 0.0109375 0.04765625
2 0.66796875 0.3375 0.015625 0.04921875
2 0.9015625 0.578125 0.0140625 0.0859375
2 0.7546875 0.45 0.0171875 0.05546875
2 0.446875 0.5328125 0.015625 0.0921875
2 0.209765625 0.434375 0.01484375 0.0609375
3 0.244140625 0.246875 0.0109375 0.03515625
0 0.273046875 0.306640625 0.0046875 0.01015625
2 0.38046875 0.270703125 0.009375 0.040625