3 0.440234375 0.22890625 0.0078125 0.03515625
2 0.8796875 0.316015625 0.0109375 0.03984375
2 0.755078125 0.2609375 0.0109375 0.03515625
2 0.890234375 0.3484375 0.01328125 0.053125
2 0.896484375 0.3203125 0.0125 0.04296875
2 0.544921875 0.26015625 0.01015625 0.0375
2 0.784765625 0.283984375 0.01484375 0.04140625
2 0.684375 0.31484375 0.0140625 0.05
2 0.627734375 0.294140625 0.009375 0.04765625
2 0.741796875 0.341796875 0.0109375 0.0484375
2 0.614453125 0.29453125 0.0125 0.046875
3 0.70703125 0.33984375 0.0125 0.05
2 0.466015625 0.333984375 0.01171875 0.05078125
2 0.483203125 0.30234375 0.009375 0.0453125
2 0.86953125 0.43203125 0.0140625 0.06796875
2 0.369921875 0.302734375 0.01015625 0.046875
2 0.574609375 0.4171875 0.0171875 0.05703125
1 0.097265625 0.323046875 0.01328125 0.05234375
2 0.712890625 0.395703125 0.01640625 0.05703125
2 0.27421875 0.416796875 0.01953125 0.05703125
2 0.837890625 0.492578125 0.028125 0.0703125
2 0.80078125 0.459375 0.02265625 0.06875
2 0.419921875 0.603125 0.02578125 0.096875
0 0.28125 0.44375 0.00625 0.01171875