2 0.498046875 0.305859375 0.0140625 0.0453125
2 0.198046875 0.429296875 0.015625 0.06015625
3 0.2515625 0.224609375 0.0125 0.04375
2 0.1984375 0.37734375 0.01484375 0.04921875
2 0.50859375 0.3265625 0.01328125 0.046875
0 0.621875 0.424609375 0.00625 0.0125
2 0.351953125 0.253125 0.0140625 0.0375
2 0.65078125 0.24921875 0.009375 0.046875
2 0.454296875 0.23671875 0.01484375 0.03984375
2 0.529296875 0.290625 0.0109375 0.05234375
2 0.623046875 0.25234375 0.01015625 0.0453125
3 0.452734375 0.3390625 0.0140625 0.053125
2 0.242578125 0.296484375 0.0140625 0.05234375
2 0.346875 0.304296875 0.0125 0.0546875
2 0.362109375 0.335546875 0.0140625 0.046875
2 0.662109375 0.269921875 0.0125 0.04921875
2 0.728125 0.319140625 0.0140625 0.06015625
2 0.30859375 0.31796875 0.015625 0.0546875
2 0.596484375 0.3328125 0.0140625 0.053125
2 0.4171875 0.343359375 0.01796875 0.05546875
2 0.699609375 0.439453125 0.02265625 0.06953125
2 0.223046875 0.525 0.01953125 0.07265625
2 0.4390625 0.298046875 0.01484375 0.05234375