2 0.799609375 0.384375 0.009375 0.0390625
2 0.356640625 0.343359375 0.0078125 0.03359375
2 0.387890625 0.3765625 0.0125 0.03984375
2 0.828515625 0.44921875 0.0125 0.0484375
3 0.562890625 0.41171875 0.009375 0.0453125
2 0.502734375 0.387109375 0.009375 0.040625
2 0.680859375 0.3984375 0.00859375 0.0421875
2 0.85625 0.51171875 0.01484375 0.06171875
2 0.542578125 0.3640625 0.0078125 0.0390625
2 0.8046875 0.447265625 0.0109375 0.046875
2 0.40546875 0.48828125 0.0125 0.04921875
2 0.645703125 0.365234375 0.00703125 0.03828125
2 0.2046875 0.472265625 0.0140625 0.05234375
2 0.837890625 0.5171875 0.01875 0.06015625
2 0.603515625 0.469140625 0.0140625 0.053125
2 0.43203125 0.43515625 0.009375 0.046875
2 0.31640625 0.634765625 0.0171875 0.06796875
2 0.364453125 0.51953125 0.0203125 0.05546875
3 0.90703125 0.770703125 0.02890625 0.09296875
2 0.71640625 0.575390625 0.01328125 0.065625
2 0.63671875 0.54921875 0.009375 0.06484375
1 0.2015625 0.3828125 0.0109375 0.04296875
0 0.20859375 0.494921875 0.00546875 0.01015625
3 0.435546875 0.296875 0.00703125 0.02734375
2 0.54765625 0.31484375 0.00859375 0.03046875