2 0.335546875 0.267578125 0.0109375 0.0390625
2 0.59453125 0.290625 0.01328125 0.04296875
2 0.527734375 0.466796875 0.0125 0.0484375
2 0.504296875 0.318359375 0.0109375 0.05
2 0.587109375 0.2625 0.009375 0.03984375
3 0.556640625 0.3609375 0.01015625 0.05234375
2 0.48515625 0.4734375 0.0171875 0.0640625
2 0.546484375 0.36171875 0.01015625 0.05703125
2 0.631640625 0.32734375 0.0125 0.04921875
2 0.783984375 0.552734375 0.01328125 0.078125
1 0.947265625 0.324609375 0.0125 0.05078125
2 0.51640625 0.494921875 0.0125 0.0625
2 0.454296875 0.319140625 0.0109375 0.04921875
2 0.673046875 0.3609375 0.0140625 0.05703125
2 0.310546875 0.56328125 0.0171875 0.0765625
2 0.689453125 0.38671875 0.0140625 0.05703125
2 0.201171875 0.355078125 0.0140625 0.05703125
2 0.788671875 0.628125 0.021875 0.096875
3 0.954296875 0.658984375 0.0203125 0.096875
2 0.344140625 0.444921875 0.0125 0.06796875
2 0.128515625 0.52265625 0.0140625 0.0765625
2 0.5953125 0.529296875 0.01796875 0.0734375
2 0.463671875 0.558203125 0.0234375 0.07421875
3 0.253125 0.23359375 0.00859375 0.0375
0 0.496484375 0.455859375 0.00703125 0.01484375