2 0.51015625 0.269921875 0.0125 0.0359375
2 0.5953125 0.283203125 0.01484375 0.04296875
2 0.366015625 0.272265625 0.01171875 0.0390625
2 0.459375 0.255859375 0.00859375 0.03984375
2 0.434375 0.2765625 0.009375 0.04140625
2 0.555859375 0.347265625 0.0140625 0.053125
2 0.209765625 0.333203125 0.0109375 0.053125
2 0.515234375 0.307421875 0.01015625 0.05234375
3 0.526953125 0.315234375 0.0109375 0.05078125
2 0.61015625 0.301953125 0.01640625 0.04296875
2 0.66015625 0.299609375 0.0125 0.04765625
1 0.923046875 0.330078125 0.01171875 0.05703125
2 0.334375 0.34765625 0.0125 0.0546875
2 0.682421875 0.35546875 0.0125 0.059375
2 0.583984375 0.383203125 0.01328125 0.06328125
2 0.474609375 0.53203125 0.0171875 0.0859375
2 0.655078125 0.35703125 0.0140625 0.06015625
2 0.397265625 0.4015625 0.0125 0.0640625
2 0.556640625 0.404296875 0.01484375 0.0640625
2 0.2328125 0.46015625 0.01796875 0.07265625
2 0.830859375 0.6609375 0.02109375 0.09609375
2 0.751953125 0.42421875 0.0140625 0.06484375
0 0.44765625 0.275390625 0.00546875 0.01015625
3 0.187109375 0.265625 0.0078125 0.0453125