2 0.33203125 0.26328125 0.01015625 0.034375
2 0.559765625 0.2703125 0.01015625 0.03515625
2 0.551953125 0.312890625 0.00859375 0.040625
2 0.506640625 0.283203125 0.009375 0.04296875
2 0.5203125 0.369140625 0.01015625 0.0421875
2 0.30390625 0.330078125 0.01015625 0.03984375
2 0.423828125 0.284375 0.009375 0.04296875
2 0.494140625 0.30703125 0.0125 0.046875
2 0.565625 0.2546875 0.00703125 0.03515625
2 0.603125 0.2875 0.00859375 0.03984375
2 0.38125 0.3875 0.01171875 0.0453125
2 0.358984375 0.355078125 0.0078125 0.05078125
1 0.925390625 0.321875 0.0140625 0.04921875
2 0.638671875 0.3171875 0.01171875 0.0453125
2 0.683984375 0.324609375 0.0109375 0.05078125
2 0.53671875 0.416015625 0.009375 0.06015625
2 0.255859375 0.333203125 0.0140625 0.05
2 0.64140625 0.387109375 0.01328125 0.0578125
2 0.730078125 0.476953125 0.015625 0.06484375
2 0.181640625 0.453515625 0.01328125 0.0671875
2 0.874609375 0.6171875 0.01640625 0.0921875
3 0.9046875 0.684375 0.0234375 0.09609375
2 0.398828125 0.60234375 0.021875 0.08828125
0 0.2609375 0.355078125 0.0046875 0.009375
3 0.28125 0.241796875 0.009375 0.03828125