2 0.48984375 0.25546875 0.009375 0.03515625
3 0.235546875 0.238671875 0.009375 0.03984375
2 0.50546875 0.332421875 0.01015625 0.04453125
2 0.563671875 0.269140625 0.01015625 0.0375
2 0.30859375 0.312109375 0.009375 0.05
3 0.53046875 0.32265625 0.009375 0.05078125
2 0.515234375 0.303515625 0.0109375 0.04296875
2 0.533203125 0.258984375 0.009375 0.034375
2 0.246484375 0.315234375 0.0140625 0.04765625
3 0.9875 0.64921875 0.0203125 0.0921875
2 0.470703125 0.296875 0.0109375 0.0453125
2 0.66484375 0.324609375 0.01015625 0.04921875
2 0.408984375 0.26953125 0.0078125 0.03515625
1 0.880078125 0.302734375 0.01015625 0.0484375
2 0.653515625 0.302734375 0.01015625 0.046875
2 0.8375 0.556640625 0.0171875 0.08359375
2 0.680078125 0.33515625 0.0109375 0.05234375
2 0.3453125 0.353125 0.01171875 0.05078125
2 0.330078125 0.392578125 0.01171875 0.0578125
2 0.504296875 0.391796875 0.0109375 0.05546875
2 0.4390625 0.580078125 0.01796875 0.08828125
2 0.180859375 0.460546875 0.01640625 0.06953125
2 0.758984375 0.455078125 0.0140625 0.065625
2 0.34765625 0.24765625 0.01171875 0.03359375
0 0.33828125 0.2734375 0.00390625 0.0078125