2 0.566796875 0.4203125 0.0109375 0.040625
2 0.566796875 0.45703125 0.0125 0.0453125
2 0.366796875 0.49765625 0.0203125 0.0625
2 0.705859375 0.355859375 0.01015625 0.04296875
3 0.45546875 0.54453125 0.02109375 0.06328125
2 0.352734375 0.46796875 0.01875 0.05859375
2 0.3984375 0.4984375 0.015625 0.0578125
2 0.61484375 0.3859375 0.0125 0.04453125
2 0.45390625 0.399609375 0.0125 0.0453125
2 0.837890625 0.43046875 0.01328125 0.05234375
2 0.415625 0.50703125 0.02421875 0.0625
2 0.323828125 0.687109375 0.01875 0.07421875
2 0.589453125 0.4828125 0.01328125 0.05703125
1 0.040625 0.4453125 0.02109375 0.0578125
2 0.67734375 0.533984375 0.01875 0.0640625
2 0.317578125 0.502734375 0.01953125 0.05703125
2 0.61796875 0.591015625 0.01328125 0.06796875
2 0.330859375 0.578125 0.02578125 0.065625
2 0.174609375 0.814453125 0.034375 0.07890625
3 0.862890625 0.9375 0.034375 0.103125
2 0.743359375 0.64765625 0.01796875 0.07890625
2 0.21640625 0.78984375 0.0265625 0.0796875
2 0.143359375 0.671875 0.0265625 0.06953125
3 0.473828125 0.30859375 0.01328125 0.0390625
0 0.21015625 0.8078125 0.00703125 0.015625