2 0.751953125 0.49296875 0.0109375 0.04765625
2 0.638671875 0.34296875 0.015625 0.0375
2 0.525 0.362890625 0.01796875 0.03515625
3 0.540234375 0.477734375 0.02109375 0.05390625
2 0.43515625 0.41015625 0.015625 0.04453125
2 0.837109375 0.41015625 0.01640625 0.0484375
2 0.764453125 0.519921875 0.021875 0.0578125
2 0.49296875 0.408984375 0.01875 0.04140625
2 0.870703125 0.4671875 0.01875 0.0453125
2 0.60234375 0.46328125 0.0125 0.04921875
2 0.436328125 0.4734375 0.01875 0.04921875
2 0.779296875 0.46796875 0.01640625 0.05859375
2 0.38359375 0.584375 0.01640625 0.06328125
2 0.570703125 0.584375 0.0171875 0.0671875
2 0.673046875 0.717578125 0.0171875 0.07734375
2 0.331640625 0.62265625 0.021875 0.06953125
2 0.21015625 0.440625 0.0140625 0.05390625
2 0.832421875 0.678125 0.0203125 0.071875
2 0.308203125 0.48984375 0.0234375 0.05546875
2 0.171484375 0.544921875 0.01953125 0.0625
2 0.23359375 0.7296875 0.02578125 0.07421875
0 0.49453125 0.37578125 0.0046875 0.009375
3 0.296875 0.33671875 0.0140625 0.03984375