0 0.810546875 0.546484375 0.00546875 0.0109375
2 0.61640625 0.400390625 0.00625 0.0328125
2 0.542578125 0.435546875 0.00859375 0.034375
2 0.453125 0.441015625 0.009375 0.03828125
2 0.558984375 0.651953125 0.01328125 0.0484375
3 0.46640625 0.499609375 0.00703125 0.04375
2 0.272265625 0.46953125 0.01328125 0.0390625
2 0.755859375 0.46328125 0.0109375 0.0421875
1 0.965625 0.499609375 0.00859375 0.04765625
2 0.38125 0.437890625 0.0078125 0.0375
2 0.576171875 0.468359375 0.0078125 0.0390625
2 0.180859375 0.531640625 0.0140625 0.04609375
2 0.798828125 0.509765625 0.0140625 0.0453125
2 0.319921875 0.474609375 0.009375 0.0421875
2 0.698828125 0.56796875 0.0203125 0.03984375
2 0.6890625 0.507421875 0.009375 0.04453125
2 0.237890625 0.77578125 0.015625 0.06875
2 0.26328125 0.623046875 0.01171875 0.05390625
2 0.6515625 0.515625 0.009375 0.04453125
2 0.446484375 0.587890625 0.009375 0.05
2 0.854296875 0.562109375 0.01015625 0.05
2 0.375390625 0.5140625 0.0140625 0.04609375
2 0.280859375 0.541796875 0.0078125 0.05
3 0.342578125 0.3890625 0.00859375 0.034375