2 0.408984375 0.364453125 0.009375 0.034375
2 0.36796875 0.3625 0.01328125 0.03828125
2 0.803515625 0.427734375 0.0125 0.05
2 0.387109375 0.390234375 0.009375 0.04296875
2 0.64140625 0.367578125 0.01484375 0.040625
2 0.858203125 0.455859375 0.0125 0.05078125
2 0.585546875 0.45234375 0.009375 0.04921875
2 0.78359375 0.653125 0.01875 0.06796875
2 0.784765625 0.478125 0.0109375 0.05859375
2 0.70703125 0.5015625 0.015625 0.053125
3 0.445703125 0.480078125 0.0140625 0.053125
2 0.738671875 0.528515625 0.01640625 0.0609375
2 0.219140625 0.425390625 0.015625 0.04921875
2 0.237109375 0.5015625 0.02265625 0.05859375
2 0.180078125 0.579296875 0.0171875 0.06015625
2 0.56171875 0.570703125 0.01484375 0.0640625
2 0.365625 0.44921875 0.0171875 0.05234375
2 0.680859375 0.6671875 0.0203125 0.075
2 0.24765625 0.5640625 0.01875 0.06328125
2 0.1859375 0.5 0.02109375 0.059375
2 0.35546875 0.559375 0.01953125 0.06328125
3 0.314453125 0.33671875 0.01015625 0.03671875
0 0.397265625 0.379296875 0.0046875 0.00859375