2 0.687890625 0.42265625 0.0109375 0.02890625
2 0.476171875 0.441796875 0.01015625 0.0375
3 0.537109375 0.512109375 0.0109375 0.0421875
2 0.672265625 0.483203125 0.009375 0.03515625
2 0.4078125 0.444140625 0.0078125 0.034375
2 0.830859375 0.52578125 0.01640625 0.04609375
2 0.616015625 0.45078125 0.009375 0.03515625
2 0.764453125 0.4953125 0.0109375 0.040625
2 0.355859375 0.484375 0.0109375 0.040625
2 0.564453125 0.476953125 0.00703125 0.0375
2 0.153515625 0.547265625 0.01015625 0.0484375
2 0.39765625 0.5234375 0.0109375 0.03984375
2 0.251953125 0.48828125 0.0109375 0.03984375
2 0.315625 0.547265625 0.009375 0.05
2 0.713671875 0.5046875 0.0109375 0.0390625
2 0.290625 0.625 0.009375 0.05234375
2 0.726171875 0.576953125 0.00859375 0.04609375
1 0.965234375 0.5125 0.0109375 0.04765625
2 0.844140625 0.568359375 0.0140625 0.05
2 0.434765625 0.594140625 0.0125 0.05078125
2 0.49921875 0.625390625 0.0125 0.05078125
2 0.27421875 0.741015625 0.0140625 0.0640625
3 0.374609375 0.405078125 0.00859375 0.03515625
0 0.824609375 0.542578125 0.00546875 0.0109375