3 0.505859375 0.49765625 0.0140625 0.04765625
2 0.38828125 0.408984375 0.01171875 0.04140625
2 0.774609375 0.421484375 0.01796875 0.04453125
2 0.720703125 0.379296875 0.0140625 0.0359375
2 0.490234375 0.525390625 0.01796875 0.05859375
2 0.537890625 0.441015625 0.015625 0.0453125
2 0.475 0.565234375 0.0140625 0.0578125
2 0.339453125 0.553125 0.021875 0.06171875
2 0.669140625 0.4421875 0.0125 0.0453125
2 0.430078125 0.4796875 0.01875 0.05234375
2 0.76484375 0.631640625 0.021875 0.059375
2 0.694140625 0.473046875 0.0109375 0.05
2 0.7640625 0.6875 0.03046875 0.075
2 0.782421875 0.473046875 0.0140625 0.05390625
2 0.897265625 0.531640625 0.0125 0.0609375
2 0.376171875 0.541015625 0.0140625 0.05703125
2 0.2078125 0.533203125 0.0140625 0.059375
2 0.866015625 0.5140625 0.01640625 0.05546875
2 0.08671875 0.4953125 0.0171875 0.05234375
2 0.246484375 0.45546875 0.01875 0.05234375
2 0.564453125 0.5390625 0.0203125 0.0578125
0 0.626953125 0.3796875 0.00625 0.0109375
3 0.300390625 0.346875 0.0078125 0.034375