0 0.434765625 0.542578125 0.00546875 0.0109375
3 0.409765625 0.321875 0.0078125 0.0328125
2 0.780078125 0.487109375 0.025 0.05546875
2 0.667578125 0.466015625 0.0171875 0.02890625
2 0.408203125 0.490234375 0.0125 0.0546875
2 0.4 0.51953125 0.0171875 0.05
2 0.783984375 0.44453125 0.01640625 0.046875
2 0.401953125 0.432421875 0.0140625 0.046875
2 0.380078125 0.375 0.0171875 0.0375
2 0.723828125 0.43515625 0.0125 0.0484375
2 0.859765625 0.3796875 0.0109375 0.04453125
2 0.564453125 0.426953125 0.01328125 0.046875
3 0.61953125 0.453515625 0.0140625 0.046875
2 0.235546875 0.487890625 0.02421875 0.05390625
2 0.95 0.471875 0.01484375 0.053125
1 0.0109375 0.4484375 0.0125 0.05078125
2 0.345703125 0.4109375 0.01015625 0.0484375
2 0.962890625 0.497265625 0.021875 0.0578125
2 0.899609375 0.4171875 0.0125 0.04921875
2 0.6609375 0.558203125 0.01796875 0.05390625
2 0.1609375 0.440234375 0.01171875 0.05078125
2 0.732421875 0.565625 0.01640625 0.059375
2 0.279296875 0.474609375 0.0109375 0.0546875
2 0.473046875 0.4765625 0.01640625 0.0546875