2 0.608203125 0.66015625 0.0171875 0.02265625
2 0.455859375 0.44140625 0.0078125 0.03984375
2 0.387890625 0.39921875 0.009375 0.02578125
2 0.45 0.436328125 0.0078125 0.028125
2 0.60234375 0.66171875 0.0171875 0.025
3 0.344140625 0.3890625 0.00703125 0.034375
3 0.817578125 0.891015625 0.0140625 0.06953125
2 0.39453125 0.402734375 0.0078125 0.03203125
2 0.459765625 0.421875 0.01171875 0.03671875
2 0.576953125 0.4125 0.0109375 0.03046875
2 0.59296875 0.4171875 0.0125 0.03046875
2 0.38046875 0.44921875 0.01171875 0.0390625
3 0.469140625 0.478125 0.00859375 0.04375
2 0.598828125 0.699609375 0.0171875 0.0640625
1 0.008984375 0.490625 0.01015625 0.04453125
2 0.711328125 0.46015625 0.01015625 0.04453125
2 0.275390625 0.42578125 0.0109375 0.0375
2 0.479296875 0.44296875 0.009375 0.03828125
2 0.267578125 0.49296875 0.01015625 0.0453125
2 0.580078125 0.493359375 0.009375 0.04453125
2 0.564453125 0.583203125 0.01640625 0.05
2 0.74609375 0.5046875 0.0109375 0.046875
2 0.451171875 0.509765625 0.0125 0.0453125
2 0.76484375 0.504296875 0.01328125 0.04765625
2 0.28125 0.529296875 0.0125 0.04765625