1 0.866796875 0.42109375 0.02578125 0.06171875
2 0.633984375 0.40546875 0.015625 0.0484375
2 0.648046875 0.404296875 0.0125 0.053125
2 0.68671875 0.448046875 0.0140625 0.059375
2 0.66953125 0.428515625 0.0109375 0.0484375
3 0.50390625 0.505859375 0.015625 0.05859375
2 0.587109375 0.643359375 0.021875 0.06484375
2 0.6265625 0.487890625 0.0109375 0.0578125
2 0.546484375 0.640234375 0.01796875 0.06953125
2 0.3109375 0.430078125 0.0125 0.053125
2 0.534765625 0.47734375 0.0109375 0.05859375
2 0.662109375 0.516796875 0.01328125 0.06328125
2 0.736328125 0.623046875 0.0171875 0.0671875
2 0.747265625 0.527734375 0.015625 0.05546875
2 0.601953125 0.560546875 0.0140625 0.0625
2 0.1515625 0.572265625 0.0125 0.06875
2 0.7 0.5859375 0.0203125 0.06484375
2 0.351953125 0.641796875 0.01171875 0.07734375
2 0.164453125 0.6171875 0.01328125 0.065625
2 0.497265625 0.554296875 0.01875 0.065625
2 0.641015625 0.691796875 0.0171875 0.07734375
2 0.046484375 0.671875 0.0265625 0.0859375
0 0.55234375 0.662109375 0.00859375 0.0109375
3 0.08515625 0.32734375 0.01171875 0.0453125