2 0.3578125 0.43828125 0.01171875 0.03984375
3 0.465234375 0.4875 0.01875 0.04921875
3 0.441796875 0.36171875 0.009375 0.034375
2 0.558203125 0.428125 0.01015625 0.034375
2 0.830859375 0.51328125 0.025 0.04765625
2 0.427734375 0.446875 0.009375 0.04375
2 0.374609375 0.41796875 0.009375 0.04375
2 0.35078125 0.465625 0.01640625 0.05234375
2 0.78359375 0.419921875 0.0109375 0.05703125
2 0.324609375 0.45703125 0.0140625 0.053125
2 0.188671875 0.45 0.0109375 0.046875
2 0.89296875 0.46796875 0.0140625 0.04765625
2 0.526953125 0.428125 0.01484375 0.034375
2 0.35546875 0.5078125 0.01328125 0.05078125
2 0.77265625 0.428125 0.01796875 0.04375
2 0.235546875 0.500390625 0.0125 0.04765625
2 0.479296875 0.51015625 0.0203125 0.04609375
2 0.2140625 0.514453125 0.0125 0.05703125
2 0.538671875 0.593359375 0.01640625 0.0578125
2 0.733984375 0.612890625 0.02265625 0.05546875
0 0.564453125 0.44921875 0.00546875 0.01015625
1 0.1390625 0.472265625 0.01953125 0.05703125
2 0.832421875 0.5 0.0171875 0.04921875