2 0.5765625 0.34765625 0.0109375 0.03828125
2 0.482421875 0.366015625 0.009375 0.034375
2 0.599609375 0.365234375 0.0109375 0.0359375
2 0.490234375 0.365234375 0.01171875 0.0359375
2 0.634765625 0.387109375 0.0125 0.03515625
2 0.262890625 0.378515625 0.0171875 0.04296875
2 0.536328125 0.380859375 0.01328125 0.0359375
1 0.035546875 0.467578125 0.0109375 0.05234375
2 0.738671875 0.4046875 0.0140625 0.0375
2 0.451953125 0.4453125 0.009375 0.046875
2 0.583984375 0.43828125 0.0125 0.04375
2 0.688671875 0.419140625 0.0109375 0.04375
2 0.480078125 0.456640625 0.0125 0.04453125
2 0.376953125 0.52421875 0.009375 0.053125
3 0.65234375 0.433984375 0.01640625 0.0453125
2 0.796484375 0.444140625 0.0109375 0.04765625
2 0.112109375 0.603515625 0.0171875 0.0609375
2 0.60078125 0.609765625 0.0203125 0.06171875
2 0.266796875 0.4328125 0.015625 0.04375
3 0.82265625 0.883984375 0.025 0.0859375
2 0.75078125 0.63671875 0.0125 0.0640625
2 0.798046875 0.551953125 0.0140625 0.0609375
3 0.336328125 0.335546875 0.01015625 0.03515625
0 0.58359375 0.384375 0.00703125 0.01171875
2 0.58359375 0.4234375 0.01171875 0.04296875