0 0.810546875 0.59453125 0.00625 0.0109375
3 0.991015625 0.709375 0.01796875 0.06875
2 0.7796875 0.5671875 0.025 0.0265625
1 0.831640625 0.430078125 0.01875 0.0421875
2 0.65859375 0.48671875 0.0140625 0.0453125
2 0.836328125 0.583203125 0.0171875 0.0421875
2 0.802734375 0.525 0.015625 0.05234375
2 0.743359375 0.552734375 0.01328125 0.046875
2 0.526953125 0.46796875 0.01015625 0.04765625
3 0.594921875 0.5046875 0.0078125 0.05
2 0.662890625 0.419921875 0.01328125 0.04375
2 0.851953125 0.574609375 0.0140625 0.053125
2 0.333203125 0.421484375 0.0125 0.04296875
2 0.717578125 0.468359375 0.0125 0.0484375
2 0.698828125 0.54765625 0.0125 0.04921875
2 0.558203125 0.53828125 0.009375 0.05703125
2 0.6015625 0.412890625 0.0140625 0.040625
2 0.634765625 0.60234375 0.0109375 0.06171875
2 0.58046875 0.6546875 0.01328125 0.0671875
2 0.777734375 0.6125 0.01328125 0.06015625
2 0.48671875 0.5609375 0.0109375 0.0609375
2 0.355859375 0.642578125 0.015625 0.06875
2 0.32578125 0.632421875 0.01796875 0.0609375
2 0.15625 0.541796875 0.01171875 0.05546875
3 0.144921875 0.345703125 0.009375 0.03671875