3 0.380859375 0.330859375 0.0078125 0.02890625
1 0.181640625 0.440625 0.0125 0.03515625
2 0.3078125 0.390625 0.01015625 0.04296875
2 0.148046875 0.456640625 0.0140625 0.040625
2 0.541015625 0.399609375 0.00859375 0.0453125
2 0.169140625 0.477734375 0.01875 0.05546875
2 0.363671875 0.404296875 0.009375 0.0453125
2 0.392578125 0.412109375 0.01328125 0.040625
2 0.244921875 0.43671875 0.01015625 0.05078125
3 0.374609375 0.471484375 0.009375 0.05390625
2 0.846484375 0.4265625 0.01015625 0.05078125
2 0.477734375 0.448046875 0.01640625 0.0484375
2 0.866796875 0.483984375 0.0140625 0.05859375
2 0.751171875 0.5234375 0.0109375 0.0625
2 0.46953125 0.51953125 0.01328125 0.0578125
2 0.321484375 0.483984375 0.01171875 0.053125
2 0.65 0.607421875 0.0140625 0.06328125
2 0.69921875 0.501953125 0.01328125 0.05546875
2 0.602734375 0.601953125 0.0125 0.0671875
2 0.196875 0.42578125 0.0171875 0.03359375
0 0.21640625 0.425 0.00546875 0.009375