0 0.871484375 0.710546875 0.0078125 0.0140625
2 0.705078125 0.458984375 0.009375 0.04765625
2 0.840625 0.650390625 0.015625 0.065625
2 0.640625 0.4390625 0.009375 0.0578125
1 0.779296875 0.416015625 0.0125 0.053125
2 0.533984375 0.4640625 0.01328125 0.05390625
2 0.658203125 0.430078125 0.01328125 0.05703125
2 0.665234375 0.53203125 0.0140625 0.05703125
2 0.601953125 0.405859375 0.0109375 0.05078125
2 0.6953125 0.46015625 0.01484375 0.05546875
2 0.539453125 0.41484375 0.0125 0.05234375
2 0.546484375 0.39296875 0.0109375 0.04921875
2 0.623046875 0.459765625 0.0125 0.0546875
3 0.5109375 0.4625 0.01015625 0.0546875
2 0.81875 0.675 0.0265625 0.04609375
2 0.619921875 0.557421875 0.0171875 0.06484375
2 0.372265625 0.427734375 0.01015625 0.05234375
2 0.848828125 0.704296875 0.02109375 0.075
2 0.651171875 0.655078125 0.01875 0.06796875
2 0.530859375 0.63984375 0.01484375 0.07578125
2 0.34609375 0.541796875 0.015625 0.0609375
2 0.1640625 0.654296875 0.01796875 0.0828125
2 0.168359375 0.4640625 0.0140625 0.059375