2 0.481640625 0.483203125 0.0109375 0.03203125
2 0.559765625 0.496875 0.009375 0.04765625
1 0.821484375 0.426953125 0.0140625 0.04453125
2 0.771484375 0.523046875 0.009375 0.05390625
2 0.680859375 0.462890625 0.009375 0.0484375
2 0.686328125 0.532421875 0.009375 0.053125
2 0.587109375 0.412109375 0.0125 0.04296875
2 0.478515625 0.5125 0.021875 0.053125
2 0.7640625 0.55703125 0.0125 0.05078125
2 0.69375 0.57578125 0.0109375 0.059375
2 0.558984375 0.426953125 0.0125 0.040625
2 0.725390625 0.5609375 0.01328125 0.03515625
2 0.355859375 0.433984375 0.01171875 0.04375
2 0.580078125 0.51953125 0.0109375 0.0484375
2 0.569140625 0.52734375 0.015625 0.05078125
3 0.60234375 0.504296875 0.01484375 0.05078125
3 0.93671875 0.703125 0.0234375 0.065625
2 0.456640625 0.51484375 0.0125 0.05234375
2 0.723046875 0.646484375 0.0125 0.06328125
2 0.3796875 0.5765625 0.015625 0.06796875
2 0.160546875 0.52421875 0.01171875 0.05546875
2 0.337109375 0.581640625 0.0140625 0.0578125
2 0.509765625 0.625390625 0.02109375 0.06015625
3 0.147265625 0.3484375 0.00859375 0.034375
0 0.5515625 0.530078125 0.00625 0.0125