2 0.637109375 0.517578125 0.00859375 0.0484375
3 0.91015625 0.93828125 0.02265625 0.075
2 0.525390625 0.434375 0.009375 0.0390625
2 0.640625 0.522265625 0.0109375 0.05546875
0 0.980859375 0.3703125 0.00859375 0.01328125
2 0.402734375 0.455859375 0.01015625 0.0453125
2 0.633984375 0.4109375 0.01015625 0.046875
2 0.391015625 0.44296875 0.01015625 0.04375
2 0.572265625 0.81328125 0.0140625 0.07734375
2 0.516796875 0.480078125 0.01015625 0.0453125
3 0.4421875 0.565234375 0.01171875 0.06171875
2 0.4375 0.518359375 0.01171875 0.053125
2 0.46953125 0.49453125 0.0109375 0.0484375
2 0.81796875 0.632421875 0.015625 0.0671875
2 0.34921875 0.484375 0.01171875 0.05390625
2 0.701953125 0.4671875 0.0109375 0.053125
2 0.237890625 0.634765625 0.0125 0.06796875
2 0.376171875 0.56796875 0.01328125 0.0578125
2 0.58046875 0.608984375 0.0125 0.065625
2 0.569921875 0.667578125 0.01640625 0.0671875
2 0.294140625 0.55078125 0.0140625 0.059375
2 0.235546875 0.798046875 0.01953125 0.08125
2 0.434375 0.710546875 0.01484375 0.06796875
3 0.4046875 0.3765625 0.0109375 0.040625
0 0.633203125 0.43046875 0.00390625 0.00859375