2 0.613671875 0.4046875 0.0109375 0.05
2 0.633984375 0.4609375 0.01015625 0.05234375
2 0.626171875 0.421875 0.01015625 0.04765625
2 0.56328125 0.399609375 0.01328125 0.04921875
0 0.583984375 0.657421875 0.00625 0.0109375
2 0.653125 0.420703125 0.0109375 0.0546875
2 0.5203125 0.38671875 0.0109375 0.04765625
2 0.806640625 0.623046875 0.0140625 0.059375
2 0.79296875 0.654296875 0.01953125 0.065625
2 0.710546875 0.457421875 0.0109375 0.05234375
1 0.789453125 0.4203125 0.01796875 0.05390625
2 0.687109375 0.43828125 0.0109375 0.05078125
2 0.5859375 0.47578125 0.0125 0.05234375
2 0.480078125 0.42421875 0.0109375 0.05234375
3 0.501171875 0.458984375 0.01015625 0.05703125
2 0.712890625 0.525 0.0234375 0.06484375
2 0.747265625 0.575390625 0.021875 0.06171875
2 0.3546875 0.428515625 0.01171875 0.05390625
2 0.357421875 0.534765625 0.0125 0.0640625
2 0.651953125 0.594921875 0.01328125 0.053125
2 0.187109375 0.46015625 0.0171875 0.059375
2 0.556640625 0.63671875 0.0171875 0.075
2 0.212109375 0.624609375 0.01875 0.07890625