3 0.192578125 0.346875 0.00703125 0.02734375
2 0.600390625 0.394921875 0.0078125 0.03828125
2 0.6078125 0.427734375 0.0125 0.04296875
2 0.668359375 0.578125 0.0171875 0.065625
2 0.3296875 0.3828125 0.0078125 0.034375
2 0.825390625 0.596484375 0.0171875 0.0421875
2 0.14921875 0.3984375 0.01171875 0.034375
2 0.359375 0.36328125 0.00859375 0.0328125
3 0.44921875 0.4953125 0.0109375 0.05
2 0.398828125 0.434375 0.01953125 0.04296875
2 0.587109375 0.40703125 0.0078125 0.0375
2 0.3140625 0.5390625 0.01796875 0.05234375
2 0.358203125 0.508203125 0.0140625 0.04609375
2 0.61328125 0.53984375 0.009375 0.053125
2 0.128515625 0.421484375 0.01328125 0.040625
2 0.712890625 0.545703125 0.01171875 0.053125
2 0.10625 0.52734375 0.0234375 0.0546875
3 0.953515625 0.790234375 0.028125 0.0765625
2 0.671875 0.497265625 0.02109375 0.05
2 0.824609375 0.6359375 0.01328125 0.0609375
2 0.5421875 0.460546875 0.00859375 0.0453125
2 0.4578125 0.474609375 0.0140625 0.05078125
2 0.632421875 0.50546875 0.0140625 0.05
1 0.997265625 0.453515625 0.00546875 0.04921875
0 0.06484375 0.375390625 0.00390625 0.0078125