2 0.685546875 0.425 0.01796875 0.0375
1 0.783203125 0.447265625 0.0171875 0.03359375
2 0.67109375 0.422265625 0.0109375 0.04453125
2 0.6828125 0.458984375 0.01796875 0.0421875
2 0.552734375 0.419140625 0.0125 0.04375
2 0.7296875 0.45546875 0.0203125 0.04453125
2 0.892578125 0.525 0.015625 0.04453125
2 0.54609375 0.45 0.01640625 0.046875
3 0.522265625 0.471484375 0.009375 0.05546875
2 0.85234375 0.5015625 0.0125 0.04921875
2 0.600390625 0.426953125 0.01015625 0.040625
2 0.658984375 0.468359375 0.02109375 0.0484375
2 0.734765625 0.501953125 0.0109375 0.0578125
2 0.6328125 0.512890625 0.0140625 0.05703125
2 0.3984375 0.43203125 0.0140625 0.053125
2 0.841015625 0.53671875 0.015625 0.0546875
2 0.626953125 0.585546875 0.01640625 0.06171875
2 0.158984375 0.4859375 0.0109375 0.059375
2 0.70703125 0.558203125 0.0125 0.0703125
2 0.1984375 0.61171875 0.015625 0.071875
2 0.261328125 0.559375 0.0125 0.06328125
2 0.490234375 0.614453125 0.0171875 0.07265625
0 0.89765625 0.54140625 0.00703125 0.01484375