2 0.718359375 0.373046875 0.0125 0.05546875
2 0.544140625 0.290625 0.0109375 0.04296875
2 0.6921875 0.38671875 0.0109375 0.0546875
2 0.819921875 0.478515625 0.015625 0.06875
2 0.599609375 0.33203125 0.0109375 0.05078125
1 0.953125 0.4359375 0.0125 0.06484375
2 0.501953125 0.298046875 0.01171875 0.046875
2 0.442578125 0.30546875 0.015625 0.05
2 0.474609375 0.393359375 0.01484375 0.059375
2 0.91171875 0.478125 0.02265625 0.065625
2 0.555859375 0.485546875 0.0203125 0.06796875
2 0.427734375 0.3765625 0.0140625 0.0625
2 0.736328125 0.402734375 0.021875 0.06328125
2 0.640234375 0.433984375 0.0140625 0.0640625
2 0.826171875 0.416796875 0.0140625 0.06328125
2 0.807421875 0.51171875 0.01953125 0.06796875
2 0.8921875 0.465234375 0.01796875 0.065625
3 0.444140625 0.371875 0.0125 0.0640625
2 0.085546875 0.481640625 0.01640625 0.0703125
2 0.675390625 0.525390625 0.021875 0.07734375
2 0.417578125 0.480078125 0.02109375 0.071875
0 0.530859375 0.305859375 0.0046875 0.009375
2 0.73828125 0.367578125 0.01484375 0.053125