0 0.822265625 0.683203125 0.00859375 0.0109375
3 0.431640625 0.17578125 0.01015625 0.03203125
2 0.5046875 0.20078125 0.00703125 0.0375
1 0.016015625 0.337109375 0.015625 0.046875
2 0.375390625 0.291015625 0.0078125 0.0421875
2 0.49921875 0.330078125 0.0109375 0.04921875
2 0.56171875 0.2671875 0.00625 0.03984375
2 0.3875 0.264453125 0.00859375 0.04375
2 0.325 0.394921875 0.00859375 0.05703125
2 0.361328125 0.451953125 0.01015625 0.059375
2 0.4078125 0.36328125 0.009375 0.04921875
2 0.282421875 0.4875 0.01015625 0.0625
2 0.314453125 0.434375 0.01328125 0.059375
2 0.569140625 0.39453125 0.0140625 0.05546875
3 0.403515625 0.457421875 0.0109375 0.059375
2 0.61015625 0.419921875 0.0125 0.05859375
2 0.76875 0.315625 0.0125 0.0484375
2 0.478125 0.505078125 0.0109375 0.065625
2 0.30546875 0.609765625 0.01796875 0.06953125
2 0.390234375 0.553515625 0.0140625 0.06484375
2 0.213671875 0.678125 0.0140625 0.08046875
2 0.830078125 0.665625 0.02421875 0.08125
2 0.548828125 0.756640625 0.0171875 0.08359375
2 0.571484375 0.644140625 0.025 0.0640625
3 0.939453125 0.832421875 0.028125 0.09453125