2 0.607421875 0.1765625 0.01640625 0.034375
3 0.93359375 0.980859375 0.0140625 0.03828125
2 0.540234375 0.233203125 0.01484375 0.0375
3 0.484765625 0.1671875 0.009375 0.03046875
2 0.695703125 0.2390625 0.0125 0.0390625
2 0.549609375 0.237890625 0.01328125 0.04453125
2 0.641015625 0.2140625 0.0109375 0.040625
1 0.031640625 0.3328125 0.01328125 0.05859375
2 0.69296875 0.2703125 0.01640625 0.0484375
2 0.558984375 0.2765625 0.0109375 0.05078125
2 0.665234375 0.25234375 0.01640625 0.04296875
2 0.527734375 0.285546875 0.01015625 0.053125
2 0.430078125 0.274609375 0.0109375 0.05078125
2 0.394140625 0.33203125 0.01171875 0.0625
2 0.3609375 0.342578125 0.01171875 0.059375
2 0.559375 0.362109375 0.0125 0.059375
2 0.764453125 0.308984375 0.0125 0.05859375
3 0.529296875 0.359765625 0.0125 0.0625
2 0.34375 0.397265625 0.0140625 0.0671875
2 0.524609375 0.514453125 0.01640625 0.06953125
2 0.424609375 0.430078125 0.01328125 0.0640625
2 0.877734375 0.412890625 0.0171875 0.0671875
2 0.2953125 0.451953125 0.0125 0.0671875
2 0.441796875 0.69296875 0.021875 0.09296875
0 0.69140625 0.257421875 0.0046875 0.009375