2 0.557421875 0.28828125 0.009375 0.034375
2 0.353515625 0.270703125 0.01171875 0.0328125
2 0.71484375 0.296875 0.01015625 0.03828125
2 0.751953125 0.281640625 0.009375 0.0375
2 0.788671875 0.305078125 0.0109375 0.04296875
2 0.657421875 0.327734375 0.01015625 0.04453125
2 0.2 0.3734375 0.009375 0.0453125
2 0.873046875 0.417578125 0.0109375 0.05546875
2 0.169140625 0.33984375 0.009375 0.04453125
2 0.760546875 0.3671875 0.0109375 0.04375
2 0.690234375 0.443359375 0.01015625 0.05546875
2 0.819140625 0.335546875 0.0125 0.0453125
2 0.337109375 0.4 0.01484375 0.04453125
2 0.670703125 0.38203125 0.0140625 0.05078125
3 0.51875 0.37578125 0.009375 0.0484375
1 0.095703125 0.39375 0.015625 0.0484375
2 0.891796875 0.5578125 0.01875 0.06171875
2 0.854296875 0.618359375 0.015625 0.07421875
2 0.815234375 0.477734375 0.01484375 0.0609375
2 0.5390625 0.5703125 0.0203125 0.06484375
2 0.472265625 0.7453125 0.02578125 0.07578125
0 0.3515625 0.420703125 0.00703125 0.01171875
3 0.314453125 0.2296875 0.00859375 0.03203125
2 0.61015625 0.235546875 0.01171875 0.03203125