2 0.646484375 0.3203125 0.00859375 0.0296875
2 0.63828125 0.3171875 0.009375 0.0328125
2 0.730859375 0.32265625 0.00703125 0.0328125
2 0.678515625 0.36015625 0.009375 0.0390625
2 0.690234375 0.333984375 0.00859375 0.034375
2 0.533203125 0.373046875 0.009375 0.03515625
2 0.521484375 0.38671875 0.01015625 0.03984375
2 0.698046875 0.428515625 0.009375 0.040625
2 0.869140625 0.452734375 0.0109375 0.04296875
1 0.0984375 0.36015625 0.0140625 0.03359375
2 0.846875 0.424609375 0.01171875 0.04921875
2 0.73984375 0.4015625 0.0140625 0.0421875
2 0.690625 0.45703125 0.0109375 0.04921875
2 0.791796875 0.416015625 0.015625 0.04765625
3 0.55546875 0.385546875 0.009375 0.04140625
2 0.912109375 0.462890625 0.01875 0.05
2 0.254296875 0.41328125 0.01015625 0.04375
2 0.480859375 0.3640625 0.0140625 0.0375
2 0.36171875 0.46796875 0.0140625 0.04921875
2 0.594140625 0.428125 0.0125 0.0453125
2 0.811328125 0.560546875 0.0125 0.05703125
0 0.1125 0.375 0.00625 0.0109375
3 0.219140625 0.3171875 0.01015625 0.0375
2 0.905078125 0.44765625 0.01015625 0.05078125