2 0.59140625 0.27734375 0.009375 0.0421875
2 0.680078125 0.344140625 0.01875 0.04921875
2 0.52890625 0.39140625 0.021875 0.06015625
2 0.632421875 0.36796875 0.0125 0.05078125
2 0.622265625 0.30234375 0.01015625 0.04296875
2 0.5015625 0.287890625 0.01171875 0.04296875
2 0.380859375 0.345703125 0.0125 0.05078125
2 0.53046875 0.445703125 0.0171875 0.053125
2 0.754296875 0.390625 0.01484375 0.05546875
2 0.883984375 0.419140625 0.015625 0.0546875
2 0.423828125 0.343359375 0.015625 0.0484375
2 0.8140625 0.385546875 0.01171875 0.04921875
2 0.94765625 0.465234375 0.01875 0.06796875
3 0.4703125 0.35859375 0.01484375 0.05546875
2 0.760546875 0.45234375 0.025 0.06015625
2 0.076953125 0.38984375 0.0203125 0.05546875
2 0.302734375 0.455859375 0.0234375 0.065625
2 0.71796875 0.51171875 0.0171875 0.06953125
2 0.94140625 0.45390625 0.01875 0.05703125
2 0.56953125 0.267578125 0.01328125 0.04453125
0 0.004296875 0.3125 0.00625 0.0125
3 0.0828125 0.285546875 0.015625 0.04921875