2 0.591015625 0.27734375 0.00703125 0.03046875
2 0.551953125 0.305078125 0.009375 0.034375
2 0.727734375 0.3828125 0.00859375 0.0359375
2 0.348828125 0.351171875 0.0125 0.04140625
2 0.690625 0.2921875 0.00703125 0.0375
2 0.573828125 0.3421875 0.0109375 0.04140625
2 0.47265625 0.3484375 0.01015625 0.04375
2 0.628515625 0.309765625 0.0078125 0.0375
2 0.516796875 0.366015625 0.009375 0.0453125
3 0.508203125 0.37890625 0.00859375 0.04453125
2 0.732421875 0.3984375 0.0125 0.04921875
2 0.6515625 0.352734375 0.00703125 0.040625
2 0.512890625 0.43984375 0.02109375 0.05234375
1 0.078515625 0.35703125 0.0140625 0.0375
2 0.8171875 0.440234375 0.01484375 0.05078125
2 0.836328125 0.500390625 0.0125 0.0546875
2 0.5828125 0.437109375 0.01015625 0.046875
2 0.686328125 0.498046875 0.0109375 0.05546875
2 0.292578125 0.442578125 0.01015625 0.05234375
2 0.795703125 0.4203125 0.01640625 0.05
2 0.213671875 0.43671875 0.01328125 0.053125
2 0.816796875 0.691015625 0.01875 0.07890625
0 0.215234375 0.45 0.0046875 0.009375
3 0.240234375 0.279296875 0.00859375 0.03359375