2 0.595703125 0.178125 0.0109375 0.03984375
3 0.991015625 0.976953125 0.01484375 0.04453125
2 0.349609375 0.456640625 0.01953125 0.07265625
2 0.374609375 0.34296875 0.0140625 0.05859375
2 0.39375 0.290625 0.015625 0.05234375
2 0.712890625 0.355078125 0.0140625 0.05859375
2 0.576953125 0.240234375 0.0078125 0.04765625
2 0.34296875 0.402734375 0.015625 0.06328125
2 0.78203125 0.282421875 0.01484375 0.05
3 0.475390625 0.434375 0.01328125 0.06875
2 0.274609375 0.55546875 0.01953125 0.07734375
2 0.464453125 0.35078125 0.01171875 0.05546875
2 0.632421875 0.446875 0.01875 0.0734375
2 0.317578125 0.434765625 0.0140625 0.0640625
2 0.633984375 0.374609375 0.0140625 0.06015625
2 0.5140625 0.315234375 0.0109375 0.0546875
2 0.80625 0.480078125 0.0171875 0.07734375
2 0.446484375 0.369921875 0.01484375 0.065625
2 0.508203125 0.569140625 0.01640625 0.07890625
2 0.3921875 0.512890625 0.01796875 0.07265625
2 0.428515625 0.891796875 0.02109375 0.1203125
2 0.3953125 0.2734375 0.01171875 0.04921875
3 0.472265625 0.159765625 0.009375 0.04140625
0 0.745703125 0.313671875 0.00546875 0.0109375