2 0.461328125 0.380859375 0.00859375 0.034375
0 0.255078125 0.55703125 0.00625 0.01015625
2 0.570703125 0.3 0.00703125 0.03359375
2 0.463671875 0.3984375 0.01015625 0.0421875
2 0.433984375 0.33515625 0.0078125 0.03515625
2 0.546484375 0.602734375 0.0171875 0.05234375
2 0.587890625 0.354296875 0.0078125 0.0375
2 0.494921875 0.374609375 0.00859375 0.04296875
2 0.603515625 0.435546875 0.0109375 0.0453125
2 0.620703125 0.403515625 0.009375 0.04296875
2 0.741796875 0.54453125 0.0109375 0.0484375
1 0.925 0.4140625 0.0125 0.046875
2 0.558203125 0.335546875 0.00859375 0.0375
2 0.66640625 0.44765625 0.01328125 0.04765625
2 0.224609375 0.383984375 0.009375 0.0421875
2 0.644921875 0.41796875 0.0125 0.04765625
2 0.525390625 0.4859375 0.0109375 0.05234375
2 0.225390625 0.46953125 0.01328125 0.0484375
2 0.336328125 0.473046875 0.01015625 0.05
3 0.478515625 0.39765625 0.01328125 0.0421875
2 0.23671875 0.562890625 0.015625 0.0578125
2 0.826953125 0.73046875 0.01953125 0.059375
3 0.952734375 0.8578125 0.0296875 0.084375
3 0.253125 0.291796875 0.00859375 0.0328125
2 0.512109375 0.286328125 0.01015625 0.03515625