0 0.507421875 0.3703125 0.00625 0.0109375
2 0.690234375 0.390234375 0.015625 0.0640625
2 0.7609375 0.4734375 0.02578125 0.065625
2 0.71953125 0.409765625 0.01484375 0.07265625
2 0.53671875 0.355859375 0.01875 0.05703125
2 0.603515625 0.33984375 0.01171875 0.059375
2 0.703515625 0.403125 0.02109375 0.075
2 0.653515625 0.370703125 0.0203125 0.06796875
2 0.8140625 0.4625 0.0171875 0.075
2 0.8 0.493359375 0.01796875 0.08203125
2 0.626171875 0.3609375 0.025 0.06484375
2 0.515234375 0.477734375 0.0203125 0.0796875
2 0.848046875 0.490234375 0.0203125 0.075
2 0.757421875 0.534375 0.02109375 0.08515625
2 0.447265625 0.379296875 0.01640625 0.065625
2 0.530859375 0.425 0.025 0.07265625
2 0.265234375 0.329296875 0.02109375 0.05859375
3 0.323046875 0.355859375 0.01796875 0.071875
2 0.342578125 0.43828125 0.03125 0.08046875
2 0.39296875 0.506640625 0.03203125 0.08515625
2 0.703515625 0.565625 0.0265625 0.0890625
2 0.024609375 0.579296875 0.0359375 0.09296875
1 0.79140625 0.422265625 0.0171875 0.07578125