2 0.346875 0.330859375 0.0078125 0.034375
1 0.198828125 0.34296875 0.01015625 0.0359375
2 0.34140625 0.3453125 0.0078125 0.03515625
3 0.419921875 0.27734375 0.00703125 0.02734375
2 0.44140625 0.310546875 0.00625 0.02890625
2 0.32734375 0.326953125 0.0078125 0.0375
2 0.683984375 0.31953125 0.0078125 0.028125
2 0.500390625 0.3171875 0.00703125 0.034375
2 0.296875 0.346484375 0.0125 0.0390625
2 0.362890625 0.354296875 0.009375 0.0359375
2 0.330078125 0.380859375 0.01328125 0.0421875
2 0.3875 0.32734375 0.00859375 0.03984375
2 0.49921875 0.358203125 0.00859375 0.04296875
2 0.56484375 0.32265625 0.0078125 0.0375
2 0.265625 0.371484375 0.009375 0.04453125
2 0.800390625 0.347265625 0.0078125 0.0390625
2 0.767578125 0.340625 0.0125 0.03515625
2 0.816015625 0.455078125 0.0125 0.05859375
2 0.799609375 0.437890625 0.0125 0.0578125
2 0.866796875 0.412109375 0.0125 0.05234375
3 0.96484375 0.871875 0.02578125 0.1125
3 0.500390625 0.3421875 0.01796875 0.03984375
2 0.4640625 0.288671875 0.0109375 0.02734375
2 0.47578125 0.29609375 0.009375 0.03203125
0 0.4828125 0.298828125 0.0046875 0.00859375