2 0.594140625 0.349609375 0.00703125 0.03046875
2 0.6203125 0.42421875 0.00859375 0.0484375
2 0.615625 0.43359375 0.01328125 0.04296875
2 0.823046875 0.433984375 0.009375 0.04375
2 0.521484375 0.373046875 0.00625 0.03203125
2 0.4078125 0.3703125 0.0078125 0.03359375
2 0.7703125 0.39296875 0.00859375 0.0359375
2 0.748046875 0.402734375 0.0109375 0.0390625
3 0.655078125 0.405859375 0.0109375 0.04140625
2 0.418359375 0.507421875 0.01171875 0.05390625
2 0.643359375 0.50234375 0.009375 0.053125
2 0.86796875 0.52578125 0.0125 0.0578125
2 0.341796875 0.396875 0.00859375 0.0421875
2 0.4328125 0.429296875 0.009375 0.0421875
1 0.08046875 0.459375 0.0171875 0.046875
2 0.82265625 0.531640625 0.01328125 0.0609375
2 0.204296875 0.446875 0.009375 0.0453125
2 0.47109375 0.6234375 0.0140625 0.065625
2 0.419921875 0.59453125 0.01484375 0.06328125
2 0.855859375 0.580078125 0.015625 0.0625
2 0.45390625 0.531640625 0.015625 0.05234375
0 0.255078125 0.537890625 0.0078125 0.01484375
2 0.315234375 0.433203125 0.015625 0.03828125
3 0.368359375 0.32421875 0.00703125 0.02890625