2 0.598828125 0.299609375 0.009375 0.03046875
2 0.511328125 0.327734375 0.0078125 0.03359375
2 0.601171875 0.362109375 0.00703125 0.03515625
2 0.425 0.381640625 0.00859375 0.0390625
2 0.490234375 0.447265625 0.009375 0.046875
2 0.63125 0.384765625 0.00859375 0.0359375
2 0.551953125 0.399609375 0.009375 0.03984375
2 0.373046875 0.630859375 0.01171875 0.06015625
2 0.5140625 0.480078125 0.009375 0.04765625
2 0.698046875 0.401953125 0.01015625 0.0390625
2 0.727734375 0.341015625 0.0078125 0.0359375
2 0.416796875 0.4125 0.009375 0.04375
2 0.711328125 0.453125 0.01015625 0.04765625
2 0.387109375 0.462109375 0.01015625 0.0484375
2 0.72265625 0.38671875 0.00703125 0.03828125
2 0.398828125 0.459375 0.0078125 0.05234375
2 0.91640625 0.475 0.009375 0.04453125
2 0.5046875 0.4921875 0.0125 0.04765625
1 0.083984375 0.412890625 0.0125 0.04453125
2 0.73125 0.680859375 0.015625 0.06796875
2 0.354296875 0.79296875 0.0171875 0.0734375
0 0.903125 0.494140625 0.00546875 0.01015625
2 0.440234375 0.283984375 0.00703125 0.02890625
2 0.42265625 0.375390625 0.00859375 0.03828125