3 0.125390625 0.244921875 0.009375 0.03984375
2 0.5453125 0.246875 0.0109375 0.0421875
2 0.297265625 0.259765625 0.01171875 0.0421875
2 0.5703125 0.27734375 0.0109375 0.03984375
2 0.56015625 0.3421875 0.0109375 0.0453125
2 0.321484375 0.27421875 0.009375 0.03515625
2 0.381640625 0.36015625 0.01015625 0.046875
2 0.619921875 0.2921875 0.0125 0.04375
2 0.40859375 0.290234375 0.01015625 0.04765625
2 0.3234375 0.3203125 0.0140625 0.040625
2 0.07265625 0.312109375 0.01015625 0.05
2 0.695703125 0.3671875 0.01015625 0.05078125
2 0.466796875 0.298046875 0.015625 0.04296875
3 0.5265625 0.341015625 0.0109375 0.05078125
2 0.29453125 0.418359375 0.01328125 0.06328125
2 0.444921875 0.555859375 0.015625 0.06953125
2 0.705078125 0.41484375 0.0140625 0.05703125
2 0.667578125 0.3953125 0.01875 0.05703125
2 0.043359375 0.462109375 0.0171875 0.0671875
2 0.294921875 0.69296875 0.02578125 0.08046875
0 0.26484375 0.288671875 0.00546875 0.009375
2 0.558203125 0.32421875 0.01015625 0.04921875
2 0.571875 0.25546875 0.00859375 0.0390625