2 0.598828125 0.2765625 0.00859375 0.03046875
2 0.2984375 0.309375 0.01015625 0.0390625
2 0.657421875 0.39296875 0.01015625 0.04375
2 0.569140625 0.31796875 0.01015625 0.034375
2 0.79296875 0.372265625 0.009375 0.040625
2 0.75703125 0.342578125 0.00625 0.0375
2 0.751171875 0.52421875 0.0078125 0.05546875
2 0.743359375 0.4734375 0.01015625 0.04921875
2 0.78515625 0.358984375 0.0078125 0.04140625
2 0.775390625 0.57734375 0.0109375 0.06015625
1 0.210546875 0.384375 0.0140625 0.0484375
2 0.101953125 0.466796875 0.0109375 0.0484375
2 0.704296875 0.352734375 0.0078125 0.0375
2 0.342578125 0.421875 0.00859375 0.04921875
2 0.450390625 0.380859375 0.0078125 0.03984375
3 0.628125 0.3859375 0.00703125 0.04296875
2 0.796484375 0.4890625 0.009375 0.05546875
2 0.430859375 0.4171875 0.00859375 0.04921875
2 0.72421875 0.612890625 0.01640625 0.06328125
2 0.350390625 0.76484375 0.01953125 0.07421875
2 0.644921875 0.603515625 0.0125 0.06328125
2 0.508984375 0.6234375 0.0140625 0.06171875
3 0.853515625 0.930859375 0.02578125 0.0859375
0 0.228515625 0.404296875 0.00546875 0.0109375
3 0.359375 0.24453125 0.009375 0.03359375