3 0.23046875 0.284375 0.009375 0.03515625
2 0.573046875 0.336328125 0.00859375 0.03125
2 0.54140625 0.31015625 0.0125 0.0296875
3 0.543359375 0.41015625 0.01796875 0.0484375
2 0.389453125 0.3484375 0.009375 0.04375
2 0.385546875 0.372265625 0.0078125 0.046875
2 0.45625 0.390234375 0.0140625 0.0453125
2 0.669140625 0.354296875 0.0109375 0.04375
2 0.5921875 0.337890625 0.0109375 0.0390625
2 0.219140625 0.420703125 0.0125 0.04921875
2 0.194140625 0.40078125 0.01953125 0.05234375
2 0.657421875 0.395703125 0.0171875 0.04921875
2 0.400390625 0.44921875 0.009375 0.05390625
2 0.330078125 0.33671875 0.01796875 0.04375
2 0.225390625 0.4578125 0.01875 0.0546875
2 0.750390625 0.4828125 0.01328125 0.05078125
2 0.748046875 0.578125 0.0203125 0.05703125
2 0.706640625 0.403125 0.0125 0.04921875
2 0.60546875 0.5 0.0171875 0.05546875
2 0.242578125 0.691796875 0.028125 0.06875
2 0.169140625 0.562890625 0.015625 0.0609375
0 0.584375 0.34765625 0.00546875 0.01015625
2 0.5703125 0.333203125 0.01171875 0.03515625