2 0.805859375 0.30234375 0.009375 0.02734375
2 0.71875 0.29921875 0.0078125 0.0296875
2 0.40234375 0.40703125 0.01015625 0.04765625
1 0.020703125 0.430078125 0.009375 0.04921875
2 0.884375 0.42421875 0.0140625 0.04453125
2 0.56171875 0.32421875 0.00625 0.03515625
2 0.59921875 0.374609375 0.0078125 0.03984375
2 0.405859375 0.50078125 0.0109375 0.05546875
2 0.505078125 0.458984375 0.0078125 0.04765625
2 0.680078125 0.359765625 0.0109375 0.0375
2 0.629296875 0.371484375 0.009375 0.0390625
2 0.40859375 0.3671875 0.0078125 0.0421875
3 0.61171875 0.4234375 0.0125 0.0453125
2 0.526953125 0.478125 0.01015625 0.05078125
2 0.822265625 0.5109375 0.01484375 0.05234375
2 0.409375 0.573046875 0.015625 0.05703125
2 0.80234375 0.4203125 0.01328125 0.04453125
2 0.555859375 0.705859375 0.0140625 0.065625
2 0.591015625 0.7078125 0.0171875 0.06953125
2 0.823828125 0.6453125 0.021875 0.06328125
2 0.88046875 0.413671875 0.0125 0.0453125
0 0.796875 0.312890625 0.003125 0.00625
3 0.399609375 0.286328125 0.00859375 0.03046875