2 0.395703125 0.40078125 0.00859375 0.04296875
2 0.375390625 0.432421875 0.01015625 0.040625
2 0.40390625 0.40703125 0.0140625 0.04140625
2 0.4765625 0.33984375 0.0109375 0.03359375
2 0.655078125 0.41015625 0.009375 0.040625
2 0.445703125 0.540234375 0.0140625 0.05078125
2 0.665234375 0.418359375 0.009375 0.0390625
2 0.57890625 0.38828125 0.01015625 0.0375
2 0.485546875 0.421484375 0.01015625 0.0390625
2 0.385546875 0.4375 0.01015625 0.04765625
2 0.63828125 0.503515625 0.01015625 0.05234375
3 0.45859375 0.468359375 0.009375 0.046875
2 0.721484375 0.36328125 0.009375 0.03828125
2 0.55703125 0.390234375 0.01015625 0.0375
2 0.343359375 0.484375 0.01171875 0.05
1 0.086328125 0.420703125 0.01484375 0.04765625
2 0.418359375 0.498046875 0.01796875 0.0484375
3 0.988671875 0.909375 0.02265625 0.08203125
2 0.295703125 0.658203125 0.01328125 0.059375
2 0.644140625 0.703515625 0.01484375 0.06875
2 0.841796875 0.507421875 0.01171875 0.05
2 0.253125 0.819921875 0.0171875 0.07890625
3 0.43828125 0.28203125 0.0078125 0.028125
2 0.593359375 0.311328125 0.00859375 0.03515625