2 0.59375 0.33984375 0.0078125 0.0390625
2 0.758203125 0.351953125 0.0125 0.046875
3 0.599609375 0.345703125 0.009375 0.0453125
2 0.7875 0.339453125 0.009375 0.04375
2 0.43671875 0.319140625 0.02109375 0.0453125
2 0.823828125 0.396875 0.01015625 0.04765625
2 0.649609375 0.39765625 0.0109375 0.053125
2 0.8140625 0.50078125 0.0109375 0.05546875
2 0.214453125 0.44453125 0.009375 0.05546875
2 0.4265625 0.416796875 0.015625 0.053125
2 0.611328125 0.408984375 0.0125 0.053125
2 0.171484375 0.44921875 0.01171875 0.059375
2 0.163671875 0.56796875 0.01796875 0.06953125
2 0.571875 0.4265625 0.00859375 0.04921875
2 0.3734375 0.40703125 0.01171875 0.05078125
2 0.463671875 0.494921875 0.01640625 0.05703125
2 0.507421875 0.591796875 0.01640625 0.06484375
2 0.22421875 0.7140625 0.01953125 0.07265625
2 0.185546875 0.674609375 0.01875 0.08046875
3 0.16484375 0.269140625 0.01015625 0.0390625
2 0.77734375 0.371484375 0.0109375 0.01875
2 0.76171875 0.3484375 0.01796875 0.02109375
1 0.79140625 0.334765625 0.0171875 0.025