2 0.735546875 0.344921875 0.00703125 0.0359375
2 0.580859375 0.32265625 0.00625 0.0359375
2 0.671484375 0.353125 0.00703125 0.0359375
2 0.769140625 0.374609375 0.00859375 0.04140625
2 0.666796875 0.391015625 0.01015625 0.03828125
2 0.302734375 0.314453125 0.0125 0.034375
2 0.745703125 0.36015625 0.0109375 0.040625
2 0.51953125 0.5890625 0.01015625 0.053125
2 0.724609375 0.455859375 0.0140625 0.04375
2 0.449609375 0.432421875 0.01171875 0.0484375
2 0.458984375 0.394140625 0.0078125 0.03984375
2 0.696484375 0.5171875 0.01015625 0.0546875
2 0.786328125 0.473046875 0.01015625 0.05234375
1 0.1953125 0.3953125 0.01484375 0.046875
3 0.629296875 0.38671875 0.0109375 0.04375
2 0.304296875 0.4390625 0.009375 0.0484375
3 0.88828125 0.9390625 0.028125 0.090625
2 0.7109375 0.600390625 0.0171875 0.0640625
2 0.744140625 0.571484375 0.01640625 0.0609375
2 0.11953125 0.53828125 0.0109375 0.06015625
2 0.62734375 0.567578125 0.0171875 0.05703125
2 0.435546875 0.828125 0.02890625 0.075
0 0.268359375 0.3796875 0.00546875 0.01171875
3 0.358203125 0.25390625 0.00859375 0.0296875