2 0.361328125 0.58984375 0.01015625 0.0390625
0 0.5296875 0.728515625 0.00625 0.0109375
2 0.421484375 0.373046875 0.009375 0.040625
2 0.363671875 0.633203125 0.0234375 0.06484375
2 0.198046875 0.70546875 0.01171875 0.06484375
2 0.642578125 0.387109375 0.00859375 0.0390625
1 0.142578125 0.4125 0.01484375 0.04375
2 0.45390625 0.562890625 0.0109375 0.05234375
2 0.441796875 0.425 0.00859375 0.04453125
2 0.23671875 0.5921875 0.01015625 0.06015625
2 0.353515625 0.414453125 0.0125 0.0453125
2 0.3390625 0.420703125 0.009375 0.0453125
2 0.30390625 0.48671875 0.009375 0.05078125
3 0.453515625 0.500390625 0.0125 0.04921875
3 0.834375 0.93984375 0.0203125 0.08203125
2 0.207421875 0.609765625 0.01484375 0.06171875
2 0.75703125 0.644140625 0.01640625 0.0640625
2 0.404296875 0.6859375 0.0234375 0.06875
2 0.73359375 0.467578125 0.0125 0.05
2 0.598828125 0.509375 0.015625 0.046875
2 0.377734375 0.73984375 0.01171875 0.07265625
2 0.5390625 0.7046875 0.01171875 0.06875
2 0.50625 0.574609375 0.0125 0.0546875
2 0.683984375 0.62265625 0.01328125 0.06796875
3 0.454296875 0.291796875 0.009375 0.03203125