3 0.244921875 0.267578125 0.00859375 0.0296875
2 0.66875 0.3796875 0.0125 0.0484375
2 0.67734375 0.340234375 0.0140625 0.0453125
2 0.42109375 0.40078125 0.01015625 0.0484375
2 0.680078125 0.37734375 0.0171875 0.05078125
2 0.590234375 0.364453125 0.0109375 0.04140625
2 0.520703125 0.341796875 0.00625 0.04296875
2 0.29921875 0.326953125 0.01171875 0.04296875
2 0.15234375 0.385546875 0.01953125 0.05078125
2 0.157421875 0.433203125 0.015625 0.05546875
2 0.4296875 0.497265625 0.01171875 0.05546875
2 0.382421875 0.3515625 0.01171875 0.0453125
2 0.351171875 0.978515625 0.01953125 0.040625
2 0.604296875 0.390234375 0.0109375 0.046875
2 0.125390625 0.49453125 0.0203125 0.059375
3 0.53515625 0.43046875 0.0140625 0.05078125
2 0.451953125 0.42578125 0.01875 0.0484375
2 0.119140625 0.5578125 0.0234375 0.065625
2 0.730078125 0.616796875 0.0203125 0.06328125
2 0.143359375 0.733203125 0.02265625 0.07578125
2 0.772265625 0.547265625 0.0140625 0.059375
2 0.497265625 0.539453125 0.01640625 0.06171875
2 0.8109375 0.44765625 0.0125 0.05703125
0 0.66328125 0.341796875 0.00546875 0.0109375