2 0.329296875 0.3578125 0.01015625 0.0328125
1 0.908984375 0.36953125 0.009375 0.03359375
2 0.43125 0.371484375 0.01484375 0.0375
2 0.541796875 0.322265625 0.0078125 0.03359375
2 0.638671875 0.39453125 0.01484375 0.0375
2 0.580078125 0.403515625 0.01328125 0.0375
2 0.441796875 0.465625 0.009375 0.046875
3 0.47890625 0.4421875 0.0140625 0.0453125
2 0.723046875 0.410546875 0.0078125 0.04765625
2 0.70703125 0.555078125 0.015625 0.04921875
2 0.312109375 0.415625 0.0078125 0.046875
2 0.513671875 0.5078125 0.009375 0.053125
2 0.278515625 0.4359375 0.0140625 0.0484375
3 0.93828125 0.75546875 0.025 0.07734375
2 0.213671875 0.56015625 0.0109375 0.059375
2 0.7734375 0.533984375 0.0140625 0.0578125
2 0.6140625 0.51015625 0.0109375 0.05234375
2 0.629296875 0.47578125 0.0109375 0.046875
2 0.426953125 0.482421875 0.01875 0.046875
2 0.541015625 0.493359375 0.01484375 0.05234375
2 0.28515625 0.672265625 0.021875 0.0609375
2 0.378515625 0.590234375 0.01796875 0.0546875
2 0.206640625 0.668359375 0.0234375 0.0671875
0 0.6046875 0.479296875 0.00546875 0.0125
3 0.26875 0.258203125 0.009375 0.03359375