2 0.258203125 0.389453125 0.0203125 0.05703125
2 0.52421875 0.2984375 0.01796875 0.0359375
2 0.626953125 0.2859375 0.009375 0.0375
2 0.509375 0.287890625 0.01640625 0.03671875
2 0.241796875 0.35234375 0.01171875 0.0375
2 0.6328125 0.30078125 0.009375 0.04296875
2 0.437890625 0.32265625 0.0171875 0.0453125
2 0.261328125 0.415234375 0.0234375 0.05703125
2 0.785546875 0.396875 0.0125 0.053125
2 0.4015625 0.381640625 0.009375 0.0484375
2 0.72265625 0.319921875 0.01015625 0.0453125
2 0.50703125 0.353515625 0.0109375 0.04453125
2 0.35 0.297265625 0.009375 0.040625
2 0.491796875 0.322265625 0.0109375 0.046875
3 0.557421875 0.37734375 0.01796875 0.05078125
2 0.748046875 0.469921875 0.015625 0.065625
2 0.253515625 0.585546875 0.0234375 0.0578125
2 0.234375 0.49296875 0.03046875 0.05703125
2 0.854296875 0.57734375 0.015625 0.06171875
3 0.2921875 0.255078125 0.0125 0.0375
2 0.780078125 0.38671875 0.0109375 0.0546875
0 0.5015625 0.3046875 0.0046875 0.00859375