2 0.116015625 0.98515625 0.0171875 0.028125
2 0.512109375 0.387890625 0.0109375 0.03515625
2 0.426953125 0.3703125 0.00859375 0.03515625
2 0.587890625 0.410546875 0.0140625 0.0359375
2 0.2578125 0.794140625 0.0140625 0.07890625
2 0.796484375 0.55703125 0.021875 0.04921875
2 0.6234375 0.558984375 0.0171875 0.05078125
2 0.659765625 0.51953125 0.0140625 0.05234375
2 0.537109375 0.42421875 0.009375 0.04296875
2 0.343359375 0.596875 0.0125 0.06015625
2 0.330859375 0.437890625 0.01015625 0.0390625
2 0.227734375 0.5421875 0.01328125 0.0546875
2 0.256640625 0.72578125 0.01640625 0.07265625
3 0.489453125 0.507421875 0.0140625 0.05234375
2 0.63984375 0.703515625 0.01875 0.06875
2 0.603515625 0.6828125 0.0125 0.0640625
2 0.70546875 0.53828125 0.0125 0.05078125
2 0.704296875 0.4671875 0.01640625 0.0453125
2 0.684765625 0.62421875 0.015625 0.05546875
2 0.622265625 0.6171875 0.0140625 0.06015625
2 0.86015625 0.60234375 0.0203125 0.0546875
2 0.523046875 0.565234375 0.0109375 0.06015625
0 0.86875 0.533203125 0.0046875 0.01015625
1 0.8453125 0.429296875 0.02109375 0.034375
3 0.18203125 0.329296875 0.00859375 0.0359375