2 0.21484375 0.412109375 0.01328125 0.05390625
2 0.705859375 0.318359375 0.00703125 0.028125
2 0.2640625 0.359375 0.01015625 0.040625
2 0.85390625 0.404296875 0.0109375 0.03984375
2 0.7296875 0.3328125 0.009375 0.03984375
2 0.25390625 0.369140625 0.0140625 0.0421875
2 0.83359375 0.40703125 0.0171875 0.05078125
2 0.5296875 0.4125 0.01640625 0.04765625
2 0.4 0.39140625 0.01171875 0.04765625
2 0.503515625 0.360546875 0.01875 0.0375
2 0.5015625 0.428515625 0.01484375 0.0484375
2 0.404296875 0.462109375 0.0125 0.05546875
2 0.223046875 0.421484375 0.015625 0.05546875
3 0.551171875 0.3796875 0.01015625 0.046875
2 0.587109375 0.36171875 0.01796875 0.04140625
2 0.853125 0.43984375 0.015625 0.05546875
2 0.319921875 0.447265625 0.01171875 0.05234375
2 0.712890625 0.470703125 0.01015625 0.053125
2 0.183203125 0.47734375 0.0171875 0.06015625
2 0.6171875 0.58984375 0.015625 0.06484375
2 0.798046875 0.4625 0.0140625 0.053125
3 0.19609375 0.3390625 0.00859375 0.03984375
0 0.7203125 0.33125 0.003125 0.0078125