2 0.644921875 0.45078125 0.00703125 0.0296875
2 0.637109375 0.40703125 0.00703125 0.03046875
2 0.637890625 0.465625 0.00625 0.03515625
2 0.725 0.446484375 0.00859375 0.03515625
2 0.52109375 0.397265625 0.00703125 0.0296875
3 0.647265625 0.484375 0.0078125 0.04140625
2 0.402734375 0.450390625 0.0078125 0.03828125
2 0.905078125 0.469921875 0.01015625 0.03984375
2 0.778125 0.445703125 0.00703125 0.0328125
2 0.922265625 0.528515625 0.0109375 0.04453125
2 0.809375 0.4859375 0.00859375 0.040625
2 0.782421875 0.50703125 0.009375 0.03984375
1 0.276953125 0.45703125 0.0140625 0.03984375
2 0.900390625 0.52578125 0.0109375 0.05
2 0.297265625 0.540625 0.01015625 0.04453125
2 0.81015625 0.59765625 0.0109375 0.0546875
3 0.988671875 0.80078125 0.02109375 0.078125
2 0.608984375 0.5609375 0.0078125 0.05234375
2 0.69375 0.5796875 0.01875 0.05234375
0 0.3171875 0.53515625 0.00546875 0.009375
2 0.657421875 0.422265625 0.00859375 0.03359375
2 0.674609375 0.381640625 0.009375 0.0296875
3 0.553515625 0.34453125 0.00546875 0.02109375
2 0.859765625 0.4203125 0.009375 0.0328125
2 0.880859375 0.432421875 0.0125 0.03671875