3 0.158203125 0.3578125 0.009375 0.0375
2 0.704296875 0.420703125 0.0109375 0.053125
2 0.314453125 0.3765625 0.00859375 0.0375
2 0.6921875 0.35 0.009375 0.03359375
2 0.587109375 0.38046875 0.01640625 0.03359375
2 0.8875 0.404296875 0.0140625 0.0421875
2 0.665234375 0.36953125 0.01015625 0.0390625
2 0.259765625 0.385546875 0.01171875 0.0375
2 0.1765625 0.4375 0.009375 0.05078125
2 0.533984375 0.405078125 0.01015625 0.0453125
2 0.400390625 0.459765625 0.0140625 0.05078125
2 0.191015625 0.437890625 0.0125 0.05234375
2 0.835546875 0.446484375 0.01640625 0.05546875
2 0.795703125 0.45546875 0.0125 0.05
2 0.73203125 0.4125 0.0125 0.04375
2 0.75390625 0.409375 0.01953125 0.04296875
2 0.249609375 0.472265625 0.01640625 0.0578125
2 0.625 0.567578125 0.0140625 0.06328125
2 0.465234375 0.453515625 0.0140625 0.05390625
2 0.83984375 0.434765625 0.01171875 0.05
3 0.591015625 0.3671875 0.01015625 0.03984375