2 0.424609375 0.38359375 0.0125 0.02578125
2 0.280078125 0.469140625 0.009375 0.040625
2 0.20234375 0.48203125 0.01015625 0.0421875
2 0.4953125 0.42734375 0.0109375 0.034375
2 0.557421875 0.42265625 0.01015625 0.0359375
2 0.075390625 0.5671875 0.0125 0.05078125
2 0.637890625 0.500390625 0.0140625 0.0453125
2 0.884765625 0.51796875 0.01015625 0.04921875
2 0.19375 0.508203125 0.009375 0.0421875
3 0.399609375 0.479296875 0.01640625 0.04375
2 0.441796875 0.469140625 0.009375 0.03984375
2 0.666796875 0.48828125 0.0109375 0.04375
2 0.83515625 0.581640625 0.0140625 0.0609375
2 0.429296875 0.6140625 0.01875 0.05546875
2 0.264453125 0.553515625 0.015625 0.05234375
2 0.859375 0.5828125 0.0140625 0.05703125
2 0.5203125 0.6015625 0.02109375 0.05859375
1 0.905078125 0.8328125 0.021875 0.08828125
3 0.47421875 0.337890625 0.0078125 0.0265625
2 0.3671875 0.4171875 0.01171875 0.03671875
2 0.358203125 0.413671875 0.01328125 0.03203125
2 0.3171875 0.423046875 0.01328125 0.03671875
2 0.303125 0.423046875 0.01171875 0.03671875
1 0.276171875 0.411328125 0.00859375 0.0390625