2 0.830859375 0.37734375 0.00859375 0.03984375
2 0.591796875 0.416015625 0.01484375 0.0421875
2 0.498828125 0.406640625 0.01015625 0.046875
2 0.566015625 0.3609375 0.009375 0.0375
2 0.848828125 0.410546875 0.009375 0.053125
2 0.527734375 0.341015625 0.0078125 0.0359375
2 0.76875 0.373046875 0.0125 0.04453125
2 0.3734375 0.416015625 0.009375 0.04765625
3 0.894140625 0.86484375 0.0171875 0.09453125
2 0.8109375 0.453515625 0.0109375 0.059375
2 0.438671875 0.400390625 0.0125 0.04375
2 0.891015625 0.412890625 0.0125 0.0484375
2 0.511328125 0.42578125 0.015625 0.040625
2 0.846484375 0.480859375 0.0109375 0.0578125
1 0.196484375 0.384375 0.01171875 0.0484375
2 0.3609375 0.43203125 0.0140625 0.04921875
3 0.563671875 0.4421875 0.0171875 0.05078125
2 0.393359375 0.418359375 0.0109375 0.0484375
2 0.650390625 0.412890625 0.0125 0.05
2 0.554296875 0.5453125 0.01640625 0.0609375
2 0.580078125 0.594921875 0.0203125 0.071875
3 0.5265625 0.300390625 0.0078125 0.0328125
2 0.503515625 0.37578125 0.00859375 0.04375
0 0.594140625 0.328515625 0.00703125 0.01171875