2 0.730078125 0.4109375 0.0109375 0.0375
3 0.66953125 0.4078125 0.0109375 0.0328125
2 0.233203125 0.450390625 0.0140625 0.034375
2 0.844921875 0.486328125 0.0125 0.04296875
2 0.2984375 0.412109375 0.0171875 0.0375
2 0.838671875 0.5109375 0.01171875 0.04296875
2 0.680078125 0.42421875 0.0109375 0.0375
2 0.570703125 0.415234375 0.009375 0.0359375
2 0.771484375 0.440234375 0.009375 0.04375
2 0.6203125 0.4609375 0.0109375 0.040625
2 0.48046875 0.455859375 0.0078125 0.03828125
2 0.451171875 0.43984375 0.01328125 0.04296875
2 0.716796875 0.4828125 0.01328125 0.0453125
2 0.301171875 0.462890625 0.015625 0.04296875
2 0.635546875 0.56328125 0.01640625 0.053125
2 0.187109375 0.4921875 0.01484375 0.05078125
2 0.2109375 0.527734375 0.01796875 0.05546875
1 0.924609375 0.423828125 0.01171875 0.0359375
2 0.23203125 0.413671875 0.01171875 0.0390625
3 0.2453125 0.362109375 0.009375 0.0296875
2 0.3140625 0.403515625 0.01328125 0.03828125
2 0.771484375 0.419140625 0.009375 0.03515625
0 0.73125 0.425 0.0046875 0.00859375
2 0.324609375 0.40078125 0.0125 0.0375