2 0.380078125 0.51015625 0.0125 0.0390625
2 0.473046875 0.375390625 0.0078125 0.03046875
2 0.389453125 0.53359375 0.0171875 0.0421875
2 0.460546875 0.391796875 0.0078125 0.03203125
2 0.288671875 0.4796875 0.01015625 0.040625
2 0.294921875 0.400390625 0.0078125 0.03828125
2 0.2 0.4234375 0.0109375 0.03984375
2 0.147265625 0.507421875 0.01328125 0.05
0 0.75703125 0.75234375 0.00625 0.0125
2 0.317578125 0.633203125 0.02109375 0.05
2 0.305078125 0.4671875 0.01171875 0.04375
2 0.930078125 0.554296875 0.0203125 0.05078125
2 0.454296875 0.434375 0.0078125 0.040625
2 0.623828125 0.401953125 0.009375 0.040625
2 0.7640625 0.7140625 0.03046875 0.06484375
1 0.854296875 0.43515625 0.0125 0.04453125
2 0.709375 0.683984375 0.01875 0.06015625
2 0.598046875 0.480078125 0.009375 0.04921875
2 0.5828125 0.465234375 0.009375 0.04375
2 0.099609375 0.541015625 0.0203125 0.04921875
2 0.7875 0.537109375 0.021875 0.0578125
2 0.312109375 0.6109375 0.02578125 0.03984375
3 0.16875 0.375390625 0.00859375 0.03359375
2 0.146484375 0.4921875 0.0140625 0.053125