2 0.75234375 0.42734375 0.0078125 0.02890625
2 0.337109375 0.433203125 0.0078125 0.03515625
2 0.373046875 0.429296875 0.01171875 0.03359375
2 0.390234375 0.446484375 0.0125 0.03515625
2 0.658984375 0.492578125 0.009375 0.0390625
2 0.455859375 0.4109375 0.01171875 0.03515625
2 0.71484375 0.448046875 0.01328125 0.0375
2 0.646875 0.502734375 0.01484375 0.040625
2 0.375390625 0.489453125 0.0171875 0.03984375
2 0.314453125 0.455078125 0.0125 0.0421875
1 0.153125 0.451953125 0.0078125 0.04296875
2 0.544921875 0.478515625 0.01171875 0.0390625
3 0.605859375 0.455859375 0.0109375 0.0390625
2 0.27734375 0.501953125 0.009375 0.04453125
2 0.810546875 0.47421875 0.0125 0.040625
2 0.436328125 0.559375 0.0109375 0.04609375
2 0.112109375 0.625 0.0140625 0.05390625
2 0.84609375 0.560546875 0.0125 0.053125
2 0.854296875 0.53203125 0.0125 0.04375
2 0.821875 0.59375 0.01796875 0.05078125
2 0.237109375 0.525390625 0.01484375 0.0453125
2 0.72109375 0.626953125 0.02265625 0.05234375
3 0.390625 0.366796875 0.009375 0.0296875
0 0.65703125 0.519140625 0.0046875 0.00703125