1 0.039453125 0.447265625 0.0171875 0.0484375
2 0.551171875 0.419140625 0.0125 0.03828125
2 0.699609375 0.44296875 0.0125 0.04765625
2 0.556640625 0.453515625 0.0109375 0.04453125
2 0.8234375 0.43671875 0.01484375 0.0421875
2 0.420703125 0.414453125 0.009375 0.0421875
2 0.42734375 0.45 0.009375 0.046875
2 0.514453125 0.5609375 0.0109375 0.0578125
2 0.31328125 0.46171875 0.015625 0.053125
2 0.812890625 0.501953125 0.01875 0.05234375
2 0.804296875 0.478515625 0.0125 0.05
2 0.590625 0.483203125 0.0171875 0.04453125
2 0.401953125 0.485546875 0.01015625 0.04921875
2 0.369921875 0.46953125 0.0109375 0.046875
2 0.512890625 0.608203125 0.0203125 0.05703125
2 0.283984375 0.479296875 0.0125 0.05078125
2 0.86953125 0.555859375 0.0171875 0.06171875
2 0.21953125 0.578515625 0.0125 0.059375
2 0.936328125 0.52734375 0.015625 0.05859375
3 0.367578125 0.52578125 0.01328125 0.0578125
2 0.17578125 0.66328125 0.0234375 0.071875
0 0.5796875 0.455078125 0.00625 0.01171875
2 0.308984375 0.444140625 0.01015625 0.04765625
3 0.4140625 0.351171875 0.01015625 0.03515625