2 0.70625 0.34921875 0.0125 0.0390625
2 0.299609375 0.3875 0.0078125 0.04140625
2 0.185546875 0.4015625 0.0109375 0.040625
2 0.305859375 0.39296875 0.009375 0.03984375
1 0.869921875 0.3890625 0.0109375 0.040625
2 0.631640625 0.42265625 0.009375 0.0421875
2 0.738671875 0.382421875 0.00859375 0.0375
2 0.77109375 0.376953125 0.009375 0.040625
2 0.137109375 0.50703125 0.0140625 0.06015625
2 0.551953125 0.550390625 0.01640625 0.05078125
2 0.823046875 0.458203125 0.009375 0.046875
3 0.6765625 0.375390625 0.009375 0.03984375
2 0.841015625 0.430859375 0.01328125 0.04765625
2 0.7171875 0.4296875 0.009375 0.04296875
2 0.286328125 0.385546875 0.00625 0.0375
2 0.320703125 0.4515625 0.01171875 0.04921875
2 0.519140625 0.418359375 0.0125 0.0484375
2 0.16484375 0.444921875 0.0125 0.05078125
2 0.583984375 0.39296875 0.00859375 0.03984375
2 0.496484375 0.451953125 0.009375 0.0484375
2 0.14765625 0.548046875 0.01953125 0.06328125
3 0.16640625 0.35 0.00859375 0.03203125
2 0.7734375 0.3546875 0.00859375 0.03359375
0 0.778515625 0.36484375 0.0046875 0.0078125