2 0.55625 0.3515625 0.0109375 0.03125
2 0.380859375 0.376953125 0.009375 0.040625
2 0.630078125 0.383203125 0.01015625 0.0375
2 0.394921875 0.3921875 0.00859375 0.04375
2 0.393359375 0.43046875 0.0078125 0.04453125
2 0.43046875 0.444140625 0.01796875 0.05078125
2 0.423046875 0.48515625 0.015625 0.05390625
2 0.306640625 0.500390625 0.01328125 0.053125
2 0.646875 0.41796875 0.0125 0.04375
2 0.377734375 0.46171875 0.01953125 0.053125
3 0.456640625 0.46796875 0.01171875 0.05234375
1 0.846875 0.43125 0.01171875 0.04609375
1 0.0640625 0.4265625 0.01484375 0.053125
2 0.575390625 0.5203125 0.0109375 0.05546875
3 0.806640625 0.828125 0.028125 0.09765625
2 0.766796875 0.5796875 0.0140625 0.06484375
0 0.841796875 0.44609375 0.00546875 0.01015625
2 0.628515625 0.364453125 0.00859375 0.0359375
2 0.36171875 0.419921875 0.01171875 0.04609375
2 0.341015625 0.414453125 0.01015625 0.0375
2 0.35390625 0.415234375 0.01015625 0.0453125
2 0.348046875 0.400390625 0.00859375 0.04140625
2 0.339453125 0.45625 0.01328125 0.04609375
2 0.332421875 0.44765625 0.01015625 0.04140625
2 0.330078125 0.4296875 0.009375 0.0390625
3 0.40234375 0.33203125 0.00703125 0.02890625