2 0.443359375 0.416796875 0.0125 0.03359375
2 0.733203125 0.45234375 0.0109375 0.03984375
2 0.419921875 0.428515625 0.009375 0.0390625
2 0.30546875 0.508203125 0.01328125 0.04609375
2 0.855859375 0.5984375 0.0125 0.0578125
2 0.86171875 0.571484375 0.0140625 0.05703125
2 0.156640625 0.584375 0.015625 0.04609375
2 0.384765625 0.4421875 0.00859375 0.0421875
2 0.107421875 0.61328125 0.01953125 0.05859375
2 0.512109375 0.471875 0.009375 0.0421875
2 0.662109375 0.57265625 0.0109375 0.0578125
2 0.316796875 0.579296875 0.0140625 0.053125
2 0.666015625 0.442578125 0.00625 0.040625
2 0.228125 0.63984375 0.015625 0.05546875
3 0.44296875 0.509375 0.01328125 0.0484375
2 0.83359375 0.615234375 0.01328125 0.06015625
2 0.408203125 0.59453125 0.0109375 0.05703125
3 0.890234375 0.826953125 0.02265625 0.0859375
2 0.649609375 0.583984375 0.0203125 0.0546875
2 0.422265625 0.644140625 0.01953125 0.0578125
2 0.248828125 0.63984375 0.0125 0.05703125
2 0.465234375 0.671484375 0.0171875 0.06875
1 0.273046875 0.414453125 0.0109375 0.04140625
0 0.11484375 0.59453125 0.00546875 0.01015625
3 0.53046875 0.34296875 0.00703125 0.02890625