2 0.54921875 0.376953125 0.01484375 0.05078125
2 0.69921875 0.36171875 0.009375 0.0453125
2 0.7515625 0.43515625 0.0109375 0.0578125
2 0.19140625 0.459765625 0.0171875 0.0546875
2 0.369921875 0.345703125 0.0109375 0.0453125
2 0.79765625 0.46171875 0.0125 0.0640625
2 0.78359375 0.4875 0.01484375 0.0640625
2 0.690234375 0.46953125 0.0109375 0.0578125
2 0.699609375 0.56484375 0.0140625 0.0703125
3 0.591796875 0.519140625 0.01328125 0.06953125
2 0.462890625 0.460546875 0.01328125 0.0546875
2 0.408984375 0.439453125 0.0171875 0.053125
2 0.609765625 0.459765625 0.0125 0.05859375
2 0.503515625 0.601953125 0.01328125 0.07578125
2 0.194921875 0.7078125 0.01875 0.0953125
2 0.481640625 0.781640625 0.02734375 0.090625
2 0.4015625 0.523046875 0.0125 0.06484375
2 0.846484375 0.62578125 0.01640625 0.07734375
2 0.577734375 0.66796875 0.01484375 0.084375
2 0.74765625 0.6734375 0.01875 0.084375
3 0.96328125 0.853515625 0.03125 0.109375
0 0.2203125 0.47734375 0.00859375 0.0125
3 0.340234375 0.293359375 0.0078125 0.03515625
2 0.6375 0.313671875 0.009375 0.0375