2 0.4640625 0.46015625 0.0109375 0.03203125
2 0.432421875 0.487890625 0.01171875 0.0390625
2 0.631640625 0.50703125 0.00859375 0.0375
2 0.744140625 0.49296875 0.009375 0.03984375
1 0.156640625 0.51328125 0.0078125 0.04375
2 0.143359375 0.569140625 0.0109375 0.0375
2 0.644921875 0.556640625 0.009375 0.04453125
2 0.465234375 0.523046875 0.009375 0.040625
2 0.309375 0.469140625 0.0078125 0.0359375
2 0.769140625 0.578515625 0.01328125 0.04609375
2 0.383984375 0.55703125 0.01328125 0.04375
3 0.5171875 0.495703125 0.00859375 0.03828125
2 0.691796875 0.543359375 0.00703125 0.0421875
2 0.284765625 0.69296875 0.009375 0.05703125
2 0.326953125 0.61328125 0.00859375 0.05078125
2 0.727734375 0.6625 0.01015625 0.05703125
2 0.587109375 0.708203125 0.01328125 0.059375
2 0.858203125 0.612890625 0.01171875 0.05546875
3 0.862890625 0.78046875 0.0171875 0.0703125
0 0.156640625 0.589453125 0.0078125 0.01328125
3 0.375 0.3921875 0.00703125 0.0234375
2 0.480078125 0.4234375 0.01015625 0.03125
2 0.533203125 0.444921875 0.009375 0.03515625
2 0.696875 0.44296875 0.00859375 0.03359375
2 0.691796875 0.448828125 0.00703125 0.03125