2 0.390234375 0.305078125 0.01015625 0.03984375
2 0.7625 0.314453125 0.00859375 0.03828125
2 0.41171875 0.311328125 0.01171875 0.04453125
3 0.188671875 0.308203125 0.00859375 0.0390625
2 0.294921875 0.32265625 0.01328125 0.03984375
2 0.840234375 0.312890625 0.0109375 0.0484375
2 0.755078125 0.33828125 0.009375 0.046875
2 0.518359375 0.35703125 0.0140625 0.0453125
2 0.527734375 0.317578125 0.0109375 0.04453125
2 0.6296875 0.323046875 0.00703125 0.04296875
3 0.573828125 0.34921875 0.0140625 0.0484375
2 0.867578125 0.322265625 0.0171875 0.04296875
2 0.636328125 0.367578125 0.0140625 0.0484375
2 0.366796875 0.369921875 0.0125 0.04921875
2 0.182421875 0.383203125 0.01171875 0.0578125
2 0.859765625 0.468359375 0.01171875 0.05546875
2 0.658203125 0.366796875 0.0125 0.05234375
2 0.88515625 0.43515625 0.01875 0.059375
2 0.548046875 0.437890625 0.0109375 0.0578125
2 0.416796875 0.56796875 0.0140625 0.06953125
2 0.2453125 0.506640625 0.0171875 0.07265625
2 0.166796875 0.469140625 0.0125 0.06796875
0 0.29765625 0.327734375 0.00546875 0.01015625