2 0.670703125 0.365625 0.0078125 0.02734375
2 0.59921875 0.39453125 0.01015625 0.03359375
2 0.6640625 0.403515625 0.0109375 0.0375
2 0.923828125 0.4109375 0.0078125 0.03359375
2 0.96953125 0.4578125 0.01328125 0.04375
2 0.65 0.446484375 0.00703125 0.040625
2 0.30078125 0.484375 0.01328125 0.04375
2 0.539453125 0.379296875 0.00703125 0.034375
2 0.46640625 0.41796875 0.009375 0.0421875
2 0.971875 0.502734375 0.0125 0.053125
2 0.712109375 0.412109375 0.0078125 0.03515625
2 0.981640625 0.5171875 0.0125 0.05078125
2 0.794921875 0.394921875 0.00703125 0.03046875
3 0.57265625 0.4765625 0.01015625 0.04921875
2 0.892578125 0.46484375 0.0109375 0.046875
2 0.80234375 0.4859375 0.0109375 0.0484375
2 0.612109375 0.519140625 0.01015625 0.05078125
2 0.590625 0.56953125 0.0203125 0.05546875
2 0.774609375 0.584765625 0.0140625 0.06015625
0 0.23203125 0.464453125 0.00546875 0.0109375
1 0.215625 0.449609375 0.0125 0.04609375
3 0.5765625 0.31640625 0.00703125 0.02890625
2 0.648828125 0.4296875 0.01015625 0.0390625
2 0.9453125 0.423046875 0.01328125 0.04140625