0 0.376953125 0.61171875 0.00625 0.0125
2 0.444921875 0.34453125 0.00859375 0.0375
2 0.5140625 0.3609375 0.00859375 0.04296875
2 0.439453125 0.429296875 0.009375 0.04765625
2 0.328515625 0.3625 0.0078125 0.04375
2 0.698828125 0.351953125 0.0078125 0.040625
2 0.721484375 0.75 0.01796875 0.0875
2 0.733984375 0.375390625 0.01015625 0.046875
2 0.708984375 0.40234375 0.01015625 0.04921875
2 0.6796875 0.366015625 0.009375 0.04140625
2 0.595703125 0.42421875 0.009375 0.046875
2 0.286328125 0.419921875 0.01015625 0.05078125
2 0.621484375 0.51015625 0.0171875 0.059375
3 0.573046875 0.41796875 0.0109375 0.04921875
2 0.383984375 0.545703125 0.0140625 0.04921875
2 0.732421875 0.4515625 0.0125 0.0546875
2 0.373046875 0.580078125 0.0296875 0.06796875
2 0.556640625 0.5234375 0.01875 0.06015625
2 0.410546875 0.50078125 0.01171875 0.05546875
2 0.61875 0.605859375 0.0171875 0.065625
2 0.405078125 0.64921875 0.01796875 0.07421875
2 0.807421875 0.6171875 0.0171875 0.065625
3 0.275390625 0.319921875 0.009375 0.0390625