2 0.869140625 0.4125 0.009375 0.0359375
2 0.851953125 0.412109375 0.0109375 0.0375
2 0.51484375 0.4015625 0.0078125 0.03984375
2 0.575390625 0.425 0.00859375 0.04140625
2 0.86796875 0.449609375 0.0109375 0.04375
2 0.727734375 0.366796875 0.0078125 0.03125
2 0.583203125 0.36953125 0.00703125 0.03125
2 0.49375 0.40234375 0.009375 0.03828125
2 0.59609375 0.433984375 0.01015625 0.0421875
2 0.445703125 0.404296875 0.0078125 0.0359375
2 0.620703125 0.39296875 0.0078125 0.034375
3 0.528515625 0.46328125 0.01328125 0.0453125
2 0.359765625 0.4390625 0.009375 0.0375
2 0.891796875 0.4796875 0.0109375 0.05390625
2 0.90859375 0.492578125 0.0125 0.0484375
2 0.586328125 0.457421875 0.00859375 0.040625
1 0.277734375 0.42578125 0.015625 0.0375
2 0.698046875 0.4484375 0.01015625 0.04375
2 0.477734375 0.522265625 0.01328125 0.05
3 0.928515625 0.814453125 0.01875 0.0859375
2 0.652734375 0.542578125 0.015625 0.05390625
0 0.27265625 0.462109375 0.00625 0.0125
3 0.5640625 0.32421875 0.0078125 0.03046875
2 0.578515625 0.403515625 0.0078125 0.04140625
2 0.89296875 0.4453125 0.01171875 0.04609375