3 0.184765625 0.29921875 0.0078125 0.0390625
2 0.427734375 0.31796875 0.009375 0.04140625
2 0.403125 0.302734375 0.009375 0.04453125
2 0.625390625 0.321484375 0.0109375 0.046875
2 0.426953125 0.36796875 0.0109375 0.04921875
2 0.837890625 0.3203125 0.0109375 0.05234375
2 0.64296875 0.3421875 0.01015625 0.046875
2 0.771484375 0.3125 0.01484375 0.04375
2 0.221875 0.330859375 0.0109375 0.04921875
2 0.339453125 0.392578125 0.0109375 0.05234375
2 0.130078125 0.370703125 0.01796875 0.05859375
2 0.813671875 0.36328125 0.0109375 0.05078125
2 0.743359375 0.359765625 0.01015625 0.0546875
2 0.657421875 0.3984375 0.0125 0.0546875
3 0.532421875 0.366796875 0.0125 0.05546875
2 0.67890625 0.38828125 0.01328125 0.05859375
2 0.280859375 0.468359375 0.0171875 0.0703125
2 0.896484375 0.4828125 0.0140625 0.065625
2 0.533984375 0.633203125 0.01875 0.0796875
2 0.8609375 0.550390625 0.0125 0.071875
2 0.611328125 0.4796875 0.0140625 0.06328125
2 0.095703125 0.494140625 0.02421875 0.071875
0 0.126171875 0.388671875 0.00546875 0.0109375