2 0.643359375 0.262890625 0.0109375 0.040625
2 0.65859375 0.259375 0.01015625 0.04140625
2 0.58515625 0.2609375 0.0109375 0.0375
2 0.603515625 0.266015625 0.0140625 0.0421875
2 0.755859375 0.29453125 0.01484375 0.046875
2 0.66796875 0.2875 0.0109375 0.046875
2 0.733203125 0.315234375 0.01015625 0.04921875
3 0.464453125 0.284375 0.0125 0.0484375
2 0.743359375 0.330859375 0.0125 0.04921875
2 0.500390625 0.2640625 0.01796875 0.040625
2 0.300390625 0.265625 0.009375 0.04296875
2 0.13046875 0.309765625 0.01015625 0.05078125
2 0.657421875 0.31171875 0.01015625 0.0546875
2 0.489453125 0.322265625 0.0109375 0.05234375
2 0.566015625 0.29921875 0.01015625 0.0484375
2 0.8046875 0.349609375 0.015625 0.0546875
2 0.833203125 0.36328125 0.0125 0.05859375
2 0.41640625 0.33046875 0.01328125 0.053125
2 0.215234375 0.3265625 0.0109375 0.05859375
2 0.73671875 0.446484375 0.0140625 0.06875
2 0.144921875 0.39765625 0.0234375 0.06796875
1 0.9015625 0.301953125 0.0125 0.04453125
3 0.06953125 0.246484375 0.01015625 0.04609375