3 0.114453125 0.246875 0.00859375 0.034375
2 0.337890625 0.23671875 0.0109375 0.04921875
2 0.2671875 0.26484375 0.01171875 0.03359375
2 0.58203125 0.24296875 0.009375 0.03828125
2 0.537109375 0.26328125 0.009375 0.03984375
3 0.306640625 0.37421875 0.01484375 0.05390625
2 0.308984375 0.331640625 0.01015625 0.04453125
2 0.3375 0.305078125 0.01171875 0.046875
1 0.95859375 0.3265625 0.0125 0.0546875
2 0.66953125 0.2828125 0.0125 0.0453125
2 0.0921875 0.33046875 0.0125 0.05234375
2 0.457421875 0.290234375 0.0109375 0.04375
2 0.116796875 0.330859375 0.01328125 0.05703125
2 0.632421875 0.287109375 0.0125 0.0484375
2 0.116015625 0.540625 0.01796875 0.0875
2 0.108203125 0.4 0.01796875 0.06640625
2 0.5515625 0.30546875 0.01875 0.05234375
2 0.203515625 0.39453125 0.01171875 0.06328125
2 0.358984375 0.76953125 0.01796875 0.109375
2 0.388671875 0.4390625 0.0140625 0.0703125
2 0.293359375 0.52421875 0.02890625 0.08359375
2 0.46875 0.446875 0.021875 0.071875
2 0.854296875 0.5109375 0.0203125 0.08515625
0 0.58515625 0.258984375 0.0046875 0.0078125