2 0.707421875 0.1796875 0.01875 0.05390625
2 0.700390625 0.203515625 0.0140625 0.06328125
2 0.686328125 0.194140625 0.0171875 0.065625
2 0.737890625 0.2234375 0.0203125 0.0546875
2 0.738671875 0.275 0.021875 0.08203125
2 0.449609375 0.149609375 0.009375 0.06015625
2 0.79765625 0.22578125 0.0109375 0.07421875
2 0.201171875 0.19453125 0.01328125 0.0703125
2 0.3046875 0.1984375 0.01484375 0.065625
2 0.57890625 0.202734375 0.021875 0.0578125
2 0.2953125 0.2578125 0.0171875 0.06953125
2 0.4171875 0.2 0.015625 0.0703125
2 0.817578125 0.262109375 0.0140625 0.07421875
2 0.514453125 0.228515625 0.025 0.0578125
2 0.616796875 0.221875 0.01875 0.071875
3 0.4640625 0.2640625 0.0203125 0.0796875
2 0.483203125 0.226953125 0.015625 0.06875
2 0.208203125 0.253125 0.0140625 0.07890625
2 0.3921875 0.348046875 0.0234375 0.07578125
2 0.880078125 0.31484375 0.01796875 0.0796875
3 0.1828125 0.13046875 0.01484375 0.0671875
2 0.689453125 0.176171875 0.02109375 0.06328125