0 0.673828125 0.45078125 0.00625 0.0109375
2 0.3046875 0.241015625 0.00859375 0.03984375
2 0.4046875 0.344140625 0.0140625 0.0546875
2 0.52734375 0.307421875 0.0109375 0.0484375
2 0.254296875 0.309375 0.01015625 0.0484375
2 0.6734375 0.270703125 0.01484375 0.04765625
2 0.7140625 0.4765625 0.0296875 0.065625
2 0.276953125 0.40078125 0.0140625 0.0671875
2 0.6875 0.427734375 0.01796875 0.0609375
2 0.467578125 0.41484375 0.015625 0.06328125
3 0.34453125 0.45078125 0.0140625 0.07265625
2 0.74140625 0.38046875 0.0171875 0.0609375
2 0.505078125 0.3609375 0.01875 0.05546875
2 0.950390625 0.417578125 0.01484375 0.06875
2 0.18203125 0.4046875 0.0140625 0.0703125
2 0.126953125 0.54921875 0.0234375 0.0890625
2 0.76640625 0.4875 0.0296875 0.0734375
2 0.52265625 0.540234375 0.0171875 0.084375
2 0.325390625 0.66953125 0.034375 0.10390625
2 0.49609375 0.767578125 0.034375 0.11328125
2 0.184765625 0.691015625 0.03125 0.10078125
2 0.6078125 0.555078125 0.0265625 0.0859375
3 0.269921875 0.224609375 0.01015625 0.04375