2 0.5953125 0.25703125 0.0109375 0.0359375
2 0.563671875 0.3015625 0.0109375 0.02890625
2 0.69609375 0.243359375 0.0109375 0.0375
2 0.731640625 0.253515625 0.00859375 0.040625
2 0.262890625 0.253125 0.00625 0.03984375
2 0.430078125 0.248046875 0.009375 0.0375
2 0.2796875 0.27734375 0.0171875 0.04375
3 0.223828125 0.230078125 0.0140625 0.0359375
2 0.755078125 0.271484375 0.0125 0.040625
2 0.646484375 0.365625 0.01171875 0.05703125
2 0.771484375 0.28515625 0.0109375 0.05
2 0.831640625 0.344140625 0.0125 0.06015625
2 0.637109375 0.292578125 0.0109375 0.0484375
2 0.56171875 0.335546875 0.01328125 0.0546875
3 0.51796875 0.30703125 0.0109375 0.053125
2 0.470703125 0.339453125 0.0109375 0.0546875
2 0.373828125 0.4171875 0.015625 0.0625
2 0.712109375 0.3515625 0.0109375 0.05859375
2 0.803125 0.43515625 0.01484375 0.06875
2 0.123828125 0.323046875 0.0140625 0.053125
2 0.588671875 0.42734375 0.0140625 0.06796875
2 0.859765625 0.434375 0.0125 0.0671875
0 0.415625 0.26875 0.0046875 0.01015625