2 0.18515625 0.2578125 0.01328125 0.04765625
0 0.819140625 0.559765625 0.0078125 0.0125
2 0.151953125 0.31640625 0.01640625 0.053125
2 0.53671875 0.723046875 0.03828125 0.1078125
2 0.28359375 0.33671875 0.01171875 0.06015625
2 0.587109375 0.258203125 0.0109375 0.0484375
2 0.46171875 0.369140625 0.0171875 0.05859375
2 0.44140625 0.3765625 0.0234375 0.0625
2 0.68203125 0.3515625 0.0203125 0.0640625
2 0.499609375 0.3046875 0.01484375 0.05234375
2 0.78515625 0.412890625 0.01640625 0.0703125
3 0.251953125 0.434375 0.015625 0.078125
2 0.517578125 0.47734375 0.01796875 0.07890625
2 0.12109375 0.452734375 0.015625 0.078125
2 0.275 0.4046875 0.021875 0.06875
2 0.159375 0.662890625 0.0234375 0.1
2 0.421484375 0.482421875 0.02109375 0.08203125
2 0.030859375 0.60234375 0.0234375 0.096875
2 0.576171875 0.744921875 0.0359375 0.11015625
2 0.85859375 0.53203125 0.0171875 0.0859375
2 0.073828125 0.452734375 0.028125 0.08359375
2 0.383203125 0.596484375 0.0328125 0.0890625
3 0.129296875 0.22578125 0.01171875 0.046875