2 0.512890625 0.23984375 0.0109375 0.0375
2 0.534765625 0.243359375 0.0109375 0.04296875
2 0.32109375 0.265625 0.0078125 0.040625
2 0.327734375 0.2640625 0.0078125 0.040625
2 0.630859375 0.266796875 0.009375 0.04453125
2 0.137890625 0.287109375 0.0109375 0.0484375
2 0.488671875 0.259375 0.009375 0.040625
2 0.65546875 0.258984375 0.0078125 0.04140625
2 0.587109375 0.291796875 0.01015625 0.05
2 0.158984375 0.290234375 0.0109375 0.04921875
2 0.144921875 0.354296875 0.0109375 0.05859375
3 0.40078125 0.325 0.0109375 0.05703125
2 0.266015625 0.35 0.01171875 0.05703125
1 0.936328125 0.302734375 0.015625 0.05390625
2 0.408203125 0.40546875 0.01171875 0.0671875
2 0.56875 0.43046875 0.01484375 0.0671875
2 0.494921875 0.6640625 0.01953125 0.1
2 0.27421875 0.491015625 0.015625 0.07734375
2 0.80390625 0.45234375 0.0140625 0.0734375
2 0.146484375 0.489453125 0.01640625 0.07890625
3 0.134765625 0.244921875 0.0140625 0.0453125
2 0.450390625 0.237890625 0.015625 0.03515625
2 0.4734375 0.23125 0.0125 0.03671875
0 0.479296875 0.247265625 0.00390625 0.00703125