2 0.637890625 0.193359375 0.009375 0.059375
2 0.644921875 0.17734375 0.0109375 0.04765625
2 0.632421875 0.200390625 0.0109375 0.053125
2 0.606640625 0.17734375 0.0140625 0.04921875
3 0.191015625 0.165625 0.01171875 0.05
2 0.433203125 0.178125 0.01328125 0.046875
2 0.463671875 0.2109375 0.0125 0.059375
2 0.559375 0.209765625 0.0140625 0.06015625
2 0.49375 0.208984375 0.01484375 0.0546875
2 0.281640625 0.203125 0.01953125 0.05078125
2 0.755078125 0.2109375 0.01328125 0.059375
2 0.295703125 0.2640625 0.01171875 0.06640625
2 0.596484375 0.233203125 0.0171875 0.0578125
2 0.789453125 0.249609375 0.0109375 0.06796875
2 0.259765625 0.201953125 0.0125 0.0609375
2 0.8296875 0.332421875 0.0109375 0.078125
2 0.750390625 0.296484375 0.0140625 0.06875
2 0.191015625 0.269140625 0.021875 0.06796875
2 0.460546875 0.27421875 0.021875 0.059375
3 0.553125 0.26015625 0.01484375 0.0703125
2 0.24765625 0.35703125 0.01875 0.084375