2 0.529296875 0.2421875 0.00625 0.03046875
2 0.329296875 0.24453125 0.0078125 0.0375
2 0.336328125 0.256640625 0.009375 0.04453125
2 0.630078125 0.2546875 0.0171875 0.05
2 0.6703125 0.2421875 0.009375 0.0421875
2 0.527734375 0.271875 0.00859375 0.04296875
2 0.495703125 0.249609375 0.009375 0.0421875
2 0.504296875 0.25 0.00859375 0.04296875
1 0.909765625 0.296484375 0.009375 0.0484375
3 0.404296875 0.30234375 0.009375 0.046875
2 0.58828125 0.291796875 0.0234375 0.04296875
2 0.169921875 0.28984375 0.0125 0.046875
2 0.155078125 0.28671875 0.0109375 0.04921875
2 0.3046875 0.321484375 0.01796875 0.046875
2 0.225390625 0.328515625 0.0125 0.05234375
2 0.40703125 0.382421875 0.0125 0.0609375
2 0.26796875 0.481640625 0.0140625 0.07421875
2 0.757421875 0.412109375 0.01875 0.06875
2 0.548046875 0.63046875 0.02265625 0.09453125
2 0.59453125 0.41484375 0.01328125 0.06484375
2 0.1890625 0.4375 0.02109375 0.06953125
0 0.6015625 0.312109375 0.00625 0.01015625
2 0.52109375 0.22890625 0.0109375 0.0359375
3 0.156640625 0.240234375 0.01015625 0.04609375