3 0.215625 0.22109375 0.01015625 0.04140625
0 0.790625 0.320703125 0.00625 0.01171875
2 0.343359375 0.243359375 0.009375 0.0390625
2 0.1140625 0.453515625 0.01796875 0.07265625
2 0.40546875 0.279296875 0.01328125 0.0421875
2 0.258984375 0.278515625 0.01171875 0.046875
2 0.10390625 0.474609375 0.0125 0.0640625
2 0.630078125 0.26015625 0.01015625 0.04453125
2 0.276953125 0.322265625 0.01953125 0.05
2 0.153125 0.307421875 0.0140625 0.05234375
2 0.677734375 0.25234375 0.0171875 0.03984375
2 0.555078125 0.316015625 0.0125 0.04921875
2 0.52421875 0.409765625 0.021875 0.065625
2 0.681640625 0.31484375 0.01875 0.040625
2 0.198046875 0.3546875 0.01484375 0.0609375
2 0.506640625 0.475390625 0.0234375 0.06796875
2 0.443359375 0.396875 0.0203125 0.0625
2 0.176953125 0.4 0.0234375 0.06484375
3 0.319140625 0.406640625 0.01796875 0.06875
2 0.352734375 0.725390625 0.02578125 0.10703125
2 0.907421875 0.3484375 0.01015625 0.05859375
2 0.876171875 0.558984375 0.025 0.08984375