3 0.169140625 0.162890625 0.0125 0.0546875
2 0.419140625 0.169921875 0.01640625 0.04765625
2 0.539453125 0.185546875 0.01484375 0.04375
2 0.60625 0.170703125 0.01015625 0.04921875
2 0.684765625 0.181640625 0.0109375 0.05234375
2 0.525 0.202734375 0.0203125 0.05
2 0.26484375 0.190625 0.01015625 0.05546875
2 0.459765625 0.194140625 0.0171875 0.0640625
2 0.44609375 0.196875 0.01328125 0.05859375
2 0.65390625 0.18984375 0.0140625 0.04453125
2 0.19453125 0.194921875 0.01328125 0.05703125
2 0.62890625 0.1625 0.0140625 0.04296875
2 0.133984375 0.265234375 0.0140625 0.06953125
2 0.699609375 0.19765625 0.01875 0.0453125
2 0.284375 0.262109375 0.0171875 0.06640625
2 0.774609375 0.243359375 0.0140625 0.0671875
3 0.555078125 0.244140625 0.0171875 0.0640625
2 0.630859375 0.231640625 0.01328125 0.06484375
2 0.263671875 0.36953125 0.015625 0.08515625
2 0.76171875 0.3265625 0.0140625 0.075
2 0.454296875 0.322265625 0.0171875 0.078125
2 0.851953125 0.32421875 0.01484375 0.07421875