2 0.59296875 0.669140625 0.028125 0.04765625
2 0.238671875 0.353515625 0.0125 0.04453125
3 0.975 0.672265625 0.028125 0.07734375
2 0.289453125 0.36171875 0.009375 0.04296875
2 0.5015625 0.316796875 0.009375 0.0390625
2 0.319140625 0.4171875 0.0109375 0.0546875
2 0.433984375 0.330859375 0.00859375 0.04140625
2 0.593359375 0.38203125 0.0109375 0.053125
2 0.207421875 0.44296875 0.0109375 0.06015625
1 0.939453125 0.405078125 0.0125 0.0546875
2 0.196875 0.433203125 0.0140625 0.059375
3 0.305859375 0.453125 0.01328125 0.06015625
2 0.73671875 0.55 0.01640625 0.07265625
2 0.75390625 0.467578125 0.021875 0.05546875
2 0.671484375 0.633984375 0.0265625 0.07890625
2 0.126171875 0.594921875 0.0203125 0.08046875
2 0.750390625 0.627734375 0.0203125 0.0609375
2 0.583984375 0.397265625 0.0125 0.05546875
2 0.91015625 0.590234375 0.02265625 0.07890625
2 0.813671875 0.666796875 0.01875 0.0875
2 0.29609375 0.630078125 0.0203125 0.0859375
2 0.145703125 0.712109375 0.0234375 0.0921875
0 0.746875 0.4890625 0.00625 0.01328125
2 0.306640625 0.309765625 0.0125 0.03984375
3 0.21484375 0.277734375 0.009375 0.03515625