2 0.052734375 0.644140625 0.021875 0.06484375
2 0.775 0.3703125 0.0109375 0.040625
1 0.154296875 0.360546875 0.0125 0.04765625
2 0.42265625 0.371875 0.01328125 0.03984375
2 0.726953125 0.34921875 0.01328125 0.040625
2 0.290234375 0.459765625 0.0125 0.05703125
2 0.40625 0.39296875 0.01484375 0.0453125
3 0.442578125 0.462109375 0.0140625 0.059375
2 0.266015625 0.4578125 0.0140625 0.05703125
2 0.291796875 0.608203125 0.0140625 0.07578125
2 0.423828125 0.576953125 0.01640625 0.07734375
2 0.360546875 0.529296875 0.0109375 0.06953125
2 0.235546875 0.555078125 0.01953125 0.06953125
2 0.064453125 0.5953125 0.034375 0.0609375
2 0.64140625 0.65703125 0.0203125 0.08828125
2 0.649609375 0.5453125 0.0171875 0.0671875
2 0.91328125 0.6375 0.01640625 0.08046875
2 0.542578125 0.650390625 0.02109375 0.08046875
2 0.528515625 0.478125 0.01640625 0.05859375
2 0.78828125 0.6484375 0.0234375 0.0859375
2 0.317578125 0.620703125 0.01953125 0.0828125
2 0.858203125 0.491015625 0.0171875 0.0640625
3 0.5171875 0.279296875 0.00859375 0.0359375