1 0.098828125 0.383984375 0.0125 0.04921875
0 0.3609375 0.599609375 0.00625 0.0125
2 0.76484375 0.3484375 0.0109375 0.034375
2 0.797265625 0.38515625 0.0140625 0.040625
2 0.65859375 0.528515625 0.01328125 0.0609375
2 0.4828125 0.367578125 0.009375 0.04296875
2 0.651171875 0.480078125 0.0140625 0.04921875
2 0.732421875 0.67734375 0.01484375 0.08828125
2 0.193359375 0.551953125 0.0234375 0.0609375
2 0.514453125 0.614453125 0.0234375 0.071875
2 0.47734375 0.53046875 0.0140625 0.0671875
2 0.402734375 0.403515625 0.01484375 0.046875
2 0.846484375 0.474609375 0.0125 0.05859375
2 0.211328125 0.587109375 0.025 0.0671875
2 0.58359375 0.634765625 0.01484375 0.07734375
3 0.553515625 0.459375 0.0140625 0.05390625
2 0.4703125 0.6234375 0.02734375 0.06953125
2 0.285546875 0.558984375 0.015625 0.065625
2 0.955859375 0.64296875 0.025 0.08046875
2 0.284765625 0.453125 0.0203125 0.05078125
2 0.316796875 0.58671875 0.021875 0.06796875
2 0.3796875 0.415625 0.0140625 0.0484375
2 0.815625 0.653515625 0.0234375 0.08359375
3 0.48828125 0.287890625 0.0109375 0.03515625