2 0.2328125 0.2765625 0.009375 0.03984375
2 0.626171875 0.314453125 0.01015625 0.04921875
2 0.34921875 0.265625 0.0109375 0.04296875
2 0.45703125 0.3 0.009375 0.05
2 0.626953125 0.2625 0.01015625 0.0421875
2 0.784765625 0.398046875 0.0171875 0.059375
2 0.616796875 0.3125 0.0171875 0.04765625
2 0.553515625 0.262890625 0.01015625 0.040625
2 0.659765625 0.36328125 0.021875 0.0546875
2 0.7671875 0.4109375 0.01796875 0.059375
2 0.682421875 0.380078125 0.01640625 0.02890625
2 0.567578125 0.3078125 0.01875 0.04765625
2 0.057421875 0.300390625 0.0125 0.05078125
2 0.765625 0.329296875 0.0109375 0.05078125
2 0.64453125 0.3484375 0.01875 0.0546875
2 0.234765625 0.3125 0.0140625 0.0546875
2 0.625390625 0.4546875 0.025 0.0671875
2 0.4 0.342578125 0.01875 0.05703125
2 0.087109375 0.3953125 0.0125 0.0671875
2 0.478125 0.34921875 0.0109375 0.05703125
2 0.5671875 0.2890625 0.0109375 0.0453125
0 0.609765625 0.26796875 0.0046875 0.0078125
1 0.993359375 0.309765625 0.01328125 0.05625
3 0.077734375 0.244921875 0.01015625 0.046875