2 0.358203125 0.344140625 0.01171875 0.04140625
2 0.418359375 0.26171875 0.00859375 0.03828125
2 0.666796875 0.370703125 0.0125 0.046875
2 0.178515625 0.466015625 0.0140625 0.03828125
2 0.359375 0.37265625 0.0109375 0.05703125
2 0.328515625 0.2984375 0.0078125 0.04140625
2 0.534375 0.316015625 0.0140625 0.03984375
2 0.178515625 0.509375 0.01484375 0.07421875
2 0.472265625 0.341796875 0.01015625 0.046875
2 0.725390625 0.291796875 0.009375 0.046875
2 0.462890625 0.4453125 0.01328125 0.06484375
2 0.660546875 0.38671875 0.0125 0.0546875
2 0.8484375 0.389453125 0.0109375 0.06015625
2 0.246875 0.394921875 0.0171875 0.06015625
2 0.22265625 0.378515625 0.01328125 0.059375
2 0.526953125 0.719921875 0.01875 0.096875
2 0.208984375 0.433203125 0.01796875 0.06484375
2 0.580859375 0.458203125 0.0125 0.07265625
3 0.374609375 0.45078125 0.01328125 0.06875
2 0.491796875 0.47734375 0.0171875 0.06796875
2 0.87421875 0.57421875 0.01953125 0.0875
3 0.293359375 0.24765625 0.0109375 0.040625
0 0.671875 0.387109375 0.0078125 0.01328125