0 0.470703125 0.2 0.00625 0.0109375
2 0.50234375 0.141015625 0.01484375 0.0515625
2 0.544921875 0.198046875 0.0171875 0.0578125
2 0.725390625 0.2546875 0.0171875 0.07265625
2 0.43046875 0.171484375 0.0203125 0.0484375
2 0.3859375 0.178515625 0.0203125 0.0515625
2 0.562890625 0.158984375 0.015625 0.0546875
2 0.369140625 0.203125 0.01875 0.0640625
2 0.57578125 0.1828125 0.0140625 0.0625
2 0.07734375 0.21328125 0.0140625 0.071875
2 0.5359375 0.228515625 0.01875 0.06484375
2 0.33359375 0.193359375 0.0171875 0.06328125
2 0.187109375 0.216796875 0.01953125 0.0671875
2 0.211328125 0.2890625 0.01171875 0.0796875
3 0.347265625 0.254296875 0.025 0.071875
2 0.0828125 0.2921875 0.01875 0.0765625
2 0.423046875 0.253515625 0.0234375 0.07421875
2 0.47734375 0.410546875 0.02890625 0.09375
2 0.696484375 0.212890625 0.02421875 0.0671875
2 0.599609375 0.247265625 0.02578125 0.07265625
2 0.56953125 0.284765625 0.028125 0.06796875
2 0.794140625 0.306640625 0.015625 0.07578125