2 0.21171875 0.43984375 0.01015625 0.046875
2 0.81875 0.344921875 0.0109375 0.0375
2 0.495703125 0.355078125 0.009375 0.0375
2 0.399609375 0.38984375 0.009375 0.0484375
2 0.793359375 0.3765625 0.0125 0.0375
2 0.34765625 0.520703125 0.0203125 0.053125
2 0.419140625 0.38828125 0.009375 0.0453125
2 0.833984375 0.431640625 0.015625 0.0484375
2 0.080078125 0.493359375 0.01640625 0.05390625
3 0.4734375 0.447265625 0.01796875 0.0484375
2 0.638671875 0.6015625 0.025 0.05859375
2 0.846484375 0.534375 0.0140625 0.0609375
2 0.894921875 0.5546875 0.01640625 0.06328125
2 0.507421875 0.457421875 0.015625 0.046875
2 0.390234375 0.53828125 0.021875 0.06015625
2 0.102734375 0.504296875 0.01484375 0.05703125
2 0.415234375 0.469140625 0.01875 0.05703125
2 0.198828125 0.483203125 0.01953125 0.0578125
2 0.22265625 0.48203125 0.0140625 0.053125
2 0.68125 0.604296875 0.0296875 0.065625
2 0.59765625 0.429296875 0.0140625 0.0453125
3 0.93125 0.834375 0.04609375 0.09453125
0 0.510546875 0.337109375 0.009375 0.01015625
3 0.456640625 0.27890625 0.0078125 0.0265625
1 0.0640625 0.401171875 0.0125 0.05078125