2 0.525390625 0.250390625 0.01171875 0.04921875
2 0.433203125 0.240234375 0.00859375 0.04765625
2 0.47109375 0.25390625 0.0125 0.05
2 0.516015625 0.2625 0.021875 0.05078125
2 0.544140625 0.237109375 0.0140625 0.046875
2 0.594140625 0.247265625 0.009375 0.05234375
2 0.3265625 0.255078125 0.009375 0.0546875
2 0.448828125 0.2546875 0.01015625 0.040625
2 0.340234375 0.25546875 0.0109375 0.05234375
2 0.13828125 0.274609375 0.009375 0.053125
1 0.857421875 0.26953125 0.015625 0.0609375
2 0.581640625 0.297265625 0.0140625 0.05546875
2 0.651171875 0.275390625 0.0125 0.0546875
2 0.082421875 0.273046875 0.0140625 0.0578125
2 0.725390625 0.315625 0.015625 0.05703125
3 0.3578125 0.27578125 0.015625 0.05546875
2 0.11875 0.346484375 0.02109375 0.06484375
2 0.438671875 0.28671875 0.0171875 0.05859375
2 0.151953125 0.346484375 0.0140625 0.0671875
2 0.485546875 0.385546875 0.028125 0.0640625
0 0.480078125 0.271484375 0.00546875 0.0109375
2 0.469140625 0.21015625 0.0109375 0.03671875
2 0.473828125 0.239453125 0.0140625 0.04765625