2 0.618359375 0.232421875 0.00859375 0.0375
2 0.75703125 0.297265625 0.0125 0.05234375
2 0.684765625 0.265625 0.01015625 0.046875
2 0.573828125 0.227734375 0.0109375 0.0375
2 0.707421875 0.2765625 0.0125 0.04375
2 0.769140625 0.306640625 0.0109375 0.046875
2 0.54609375 0.267578125 0.009375 0.046875
2 0.692578125 0.2921875 0.009375 0.04921875
3 0.5203125 0.259765625 0.009375 0.04765625
2 0.641015625 0.28828125 0.009375 0.04921875
2 0.750390625 0.330078125 0.01328125 0.053125
2 0.354296875 0.240234375 0.009375 0.03828125
2 0.143359375 0.31328125 0.009375 0.053125
2 0.791015625 0.334765625 0.0109375 0.05078125
2 0.405859375 0.31796875 0.01015625 0.053125
2 0.711328125 0.37734375 0.01328125 0.05859375
2 0.176953125 0.3140625 0.0109375 0.05546875
2 0.496875 0.3234375 0.015625 0.053125
2 0.160546875 0.385546875 0.0171875 0.065625
1 0.825 0.293359375 0.0125 0.04296875
2 0.621875 0.2265625 0.00859375 0.03828125
3 0.030078125 0.2453125 0.0125 0.05703125