0 0.798828125 0.5109375 0.00546875 0.0109375
2 0.55546875 0.384375 0.009375 0.04296875
2 0.513671875 0.282421875 0.00625 0.028125
2 0.717578125 0.320703125 0.0078125 0.0328125
2 0.459765625 0.305859375 0.0109375 0.0328125
2 0.412890625 0.377734375 0.0078125 0.04296875
1 0.225 0.36875 0.00859375 0.04296875
2 0.395703125 0.390625 0.01015625 0.040625
2 0.82578125 0.423046875 0.0109375 0.0390625
2 0.3859375 0.442578125 0.01171875 0.0484375
2 0.344140625 0.475390625 0.01171875 0.053125
2 0.355859375 0.429296875 0.00625 0.04375
2 0.548046875 0.4046875 0.009375 0.04296875
2 0.435546875 0.46328125 0.00859375 0.04375
2 0.189453125 0.748046875 0.01484375 0.06328125
2 0.691796875 0.475390625 0.0109375 0.04375
2 0.31640625 0.5515625 0.0140625 0.0578125
2 0.594140625 0.678125 0.01484375 0.071875
3 0.393359375 0.517578125 0.0125 0.05546875
2 0.393359375 0.6390625 0.0140625 0.06328125
2 0.516015625 0.508203125 0.0109375 0.0578125
2 0.734375 0.614453125 0.01484375 0.06015625
2 0.890234375 0.97421875 0.021875 0.05
2 0.310546875 0.622265625 0.0171875 0.06484375
3 0.508203125 0.25078125 0.009375 0.0359375