3 0.351953125 0.24140625 0.00703125 0.02578125
1 0.985546875 0.362890625 0.0125 0.0390625
2 0.6515625 0.260546875 0.00625 0.0234375
2 0.332421875 0.290625 0.01015625 0.03125
3 0.409765625 0.4265625 0.0140625 0.0421875
2 0.2953125 0.44140625 0.015625 0.0390625
2 0.410546875 0.465625 0.015625 0.05
2 0.455859375 0.329296875 0.0125 0.0359375
2 0.528515625 0.4453125 0.00859375 0.04453125
2 0.472265625 0.320703125 0.00859375 0.0359375
2 0.278515625 0.365234375 0.01328125 0.03984375
1 0.031640625 0.416796875 0.01875 0.04453125
2 0.303515625 0.358984375 0.01015625 0.0359375
2 0.539453125 0.39296875 0.0109375 0.03828125
2 0.237890625 0.4359375 0.015625 0.04453125
2 0.734765625 0.358203125 0.00859375 0.0375
2 0.21640625 0.559375 0.021875 0.0484375
2 0.216015625 0.5 0.0203125 0.05
2 0.5203125 0.5265625 0.0109375 0.053125
2 0.28984375 0.85546875 0.021875 0.06875
3 0.96875 0.896484375 0.0234375 0.08203125
2 0.2890625 0.67578125 0.0203125 0.06328125
2 0.5734375 0.625 0.02578125 0.06328125
2 0.201953125 0.577734375 0.02578125 0.0484375
2 0.412890625 0.254296875 0.00859375 0.03515625
0 0.563671875 0.65 0.00625 0.0125