2 0.419140625 0.237109375 0.00625 0.03203125
2 0.326953125 0.36328125 0.01015625 0.04609375
2 0.63984375 0.28046875 0.00625 0.03203125
2 0.3765625 0.285546875 0.009375 0.034375
3 0.928125 0.962890625 0.0203125 0.07421875
2 0.503125 0.482421875 0.01015625 0.05703125
2 0.368359375 0.400390625 0.0125 0.0421875
2 0.509375 0.3375 0.0109375 0.0359375
2 0.321484375 0.398046875 0.01015625 0.05
2 0.331640625 0.3921875 0.01171875 0.046875
1 0.102734375 0.384765625 0.01640625 0.04765625
2 0.465625 0.376953125 0.01328125 0.0484375
2 0.430078125 0.41484375 0.01171875 0.0484375
2 0.6734375 0.42578125 0.0109375 0.04296875
3 0.366015625 0.466015625 0.009375 0.0546875
2 0.430859375 0.482421875 0.009375 0.0484375
2 0.726953125 0.453515625 0.0171875 0.05
2 0.2765625 0.453515625 0.0140625 0.05
2 0.279296875 0.634375 0.0171875 0.0609375
2 0.658203125 0.555078125 0.015625 0.06171875
2 0.75625 0.594140625 0.015625 0.06796875
2 0.35234375 0.850390625 0.021875 0.075
0 0.71171875 0.470703125 0.00625 0.01171875
2 0.499609375 0.45 0.01328125 0.0453125
3 0.409375 0.22890625 0.009375 0.02890625