2 0.478515625 0.203515625 0.00625 0.0296875
2 0.422265625 0.370703125 0.02109375 0.0484375
2 0.428515625 0.390234375 0.021875 0.03984375
2 0.2984375 0.40859375 0.01953125 0.04921875
2 0.435546875 0.369140625 0.009375 0.053125
2 0.730859375 0.269921875 0.009375 0.0375
2 0.41875 0.316015625 0.0140625 0.03515625
2 0.395703125 0.271484375 0.015625 0.03359375
2 0.38359375 0.409375 0.021875 0.0421875
2 0.311328125 0.41015625 0.0140625 0.05
2 0.7078125 0.371875 0.0109375 0.0546875
2 0.692578125 0.384765625 0.01640625 0.05078125
2 0.558203125 0.459765625 0.0109375 0.05859375
2 0.472265625 0.444921875 0.0140625 0.0546875
1 0.100390625 0.339453125 0.015625 0.046875
2 0.28203125 0.784765625 0.0265625 0.071875
3 0.42109375 0.45 0.0171875 0.05546875
2 0.843359375 0.5796875 0.015625 0.07421875
2 0.490234375 0.404296875 0.021875 0.053125
2 0.755078125 0.5171875 0.01484375 0.065625
2 0.2625 0.58046875 0.025 0.0671875
0 0.394921875 0.381640625 0.00625 0.01171875
2 0.29609375 0.36875 0.01328125 0.0484375
3 0.449609375 0.190625 0.00625 0.02890625