2 0.586328125 0.29296875 0.009375 0.03125
2 0.497265625 0.316796875 0.00859375 0.03359375
2 0.440234375 0.350390625 0.01171875 0.03984375
2 0.309765625 0.392578125 0.01171875 0.04765625
2 0.487890625 0.285546875 0.0078125 0.0328125
2 0.372265625 0.326953125 0.009375 0.0296875
2 0.526953125 0.325390625 0.0109375 0.03984375
2 0.360546875 0.357421875 0.0125 0.0375
2 0.792578125 0.3203125 0.0078125 0.03515625
1 0.14296875 0.3796875 0.0109375 0.04296875
2 0.2765625 0.411328125 0.01015625 0.040625
2 0.294140625 0.37421875 0.01015625 0.04296875
2 0.654296875 0.35546875 0.009375 0.0375
2 0.758203125 0.434375 0.01015625 0.05
3 0.494921875 0.41171875 0.00859375 0.0453125
2 0.375390625 0.501953125 0.01015625 0.05234375
2 0.719921875 0.4984375 0.0109375 0.053125
2 0.874609375 0.403515625 0.0140625 0.0484375
2 0.46484375 0.41171875 0.01015625 0.046875
2 0.590625 0.530078125 0.01875 0.05078125
0 0.638671875 0.30390625 0.00546875 0.009375
2 0.601953125 0.282421875 0.0125 0.03515625
2 0.513671875 0.271875 0.00859375 0.0328125
3 0.4109375 0.262890625 0.00859375 0.02890625