2 0.31953125 0.433203125 0.01015625 0.040625
2 0.452734375 0.32578125 0.00625 0.0296875
3 0.922265625 0.93203125 0.02109375 0.0765625
2 0.291015625 0.678515625 0.01640625 0.059375
2 0.277734375 0.68046875 0.0296875 0.053125
1 0.23203125 0.354296875 0.0140625 0.034375
2 0.33203125 0.407421875 0.0078125 0.0390625
2 0.252734375 0.516796875 0.0125 0.04453125
2 0.352734375 0.44765625 0.0109375 0.0453125
2 0.591015625 0.295703125 0.01015625 0.0328125
2 0.455078125 0.40703125 0.0140625 0.04375
2 0.363671875 0.383984375 0.01171875 0.0421875
2 0.751953125 0.366796875 0.0078125 0.0375
2 0.4640625 0.330859375 0.00859375 0.034375
2 0.575 0.453515625 0.01015625 0.040625
3 0.4359375 0.471484375 0.0109375 0.046875
2 0.176171875 0.624609375 0.0234375 0.04921875
2 0.408203125 0.583984375 0.015625 0.06015625
2 0.760546875 0.529296875 0.01015625 0.04765625
2 0.341015625 0.53671875 0.01171875 0.05703125
2 0.589453125 0.447265625 0.009375 0.0484375
2 0.15390625 0.6828125 0.025 0.053125
2 0.88359375 0.596484375 0.01328125 0.059375
3 0.494140625 0.240234375 0.00859375 0.03125