2 0.628515625 0.278125 0.00703125 0.02734375
2 0.905078125 0.46328125 0.0109375 0.04765625
2 0.519140625 0.30234375 0.009375 0.0328125
2 0.4 0.499609375 0.0125 0.04921875
1 0.248828125 0.3671875 0.0109375 0.04375
2 0.640234375 0.3609375 0.0140625 0.0390625
2 0.875390625 0.3171875 0.0078125 0.02890625
2 0.309375 0.498046875 0.0203125 0.05
2 0.467578125 0.354296875 0.0109375 0.0375
2 0.274609375 0.542578125 0.01796875 0.05234375
2 0.409765625 0.65546875 0.0234375 0.06328125
2 0.421484375 0.37421875 0.0140625 0.040625
2 0.433984375 0.535546875 0.01953125 0.05703125
2 0.605078125 0.359375 0.01328125 0.040625
2 0.260546875 0.65078125 0.015625 0.06484375
2 0.23828125 0.72578125 0.021875 0.06328125
2 0.78984375 0.612109375 0.0125 0.05703125
2 0.355859375 0.4828125 0.01953125 0.053125
2 0.727734375 0.518359375 0.0109375 0.05234375
3 0.4734375 0.4796875 0.015625 0.05
2 0.430859375 0.6296875 0.02421875 0.05546875
2 0.308984375 0.482421875 0.01015625 0.04609375
0 0.407421875 0.675390625 0.00703125 0.01484375
3 0.555078125 0.241015625 0.00703125 0.02734375