3 0.46640625 0.203515625 0.009375 0.03203125
2 0.6765625 0.270703125 0.00703125 0.0328125
0 0.892578125 0.51328125 0.00625 0.01015625
2 0.422265625 0.26953125 0.01171875 0.0375
2 0.3703125 0.346484375 0.009375 0.04453125
2 0.507421875 0.354296875 0.0109375 0.04375
2 0.520703125 0.381640625 0.01015625 0.05234375
2 0.394921875 0.3296875 0.00625 0.040625
1 0.137109375 0.3546875 0.0125 0.05078125
2 0.437109375 0.500390625 0.0140625 0.0578125
2 0.556640625 0.467578125 0.0109375 0.06328125
2 0.719921875 0.415625 0.0109375 0.05
2 0.408203125 0.387890625 0.01328125 0.046875
3 0.385546875 0.475 0.0171875 0.05390625
2 0.37734375 0.38671875 0.01171875 0.05078125
2 0.71171875 0.610546875 0.0125 0.06796875
2 0.41015625 0.855859375 0.0171875 0.07734375
2 0.294921875 0.476953125 0.01328125 0.059375
2 0.522265625 0.503515625 0.0140625 0.059375
2 0.2890625 0.6796875 0.0234375 0.0796875
2 0.372265625 0.516796875 0.01875 0.0609375
2 0.919921875 0.468359375 0.02265625 0.05546875
2 0.775390625 0.6203125 0.01640625 0.07265625
2 0.452734375 0.21328125 0.009375 0.0328125