2 0.512109375 0.28046875 0.01015625 0.03515625
2 0.62109375 0.312890625 0.015625 0.03125
2 0.576171875 0.290625 0.0078125 0.02578125
2 0.501953125 0.29296875 0.00703125 0.0359375
2 0.462890625 0.295703125 0.0078125 0.03046875
2 0.689453125 0.4421875 0.009375 0.04765625
2 0.486328125 0.42734375 0.009375 0.04765625
2 0.480078125 0.3109375 0.00703125 0.03515625
3 0.483203125 0.383203125 0.00859375 0.040625
2 0.77890625 0.3203125 0.0125 0.0375
2 0.42265625 0.346875 0.0125 0.034375
2 0.773828125 0.375 0.009375 0.046875
2 0.373828125 0.318359375 0.0078125 0.03515625
2 0.221484375 0.457421875 0.009375 0.04453125
2 0.402734375 0.358984375 0.01953125 0.04140625
2 0.300390625 0.375 0.0078125 0.04453125
2 0.612890625 0.35234375 0.009375 0.0359375
2 0.7015625 0.521875 0.009375 0.05078125
2 0.733203125 0.447265625 0.01015625 0.0484375
2 0.33203125 0.4078125 0.01328125 0.0453125
1 0.094140625 0.38515625 0.0109375 0.046875
2 0.378515625 0.530078125 0.01328125 0.05703125
0 0.570703125 0.300390625 0.003125 0.0078125
3 0.391015625 0.268359375 0.0078125 0.03125