2 0.175390625 0.628515625 0.01875 0.0484375
2 0.187109375 0.517578125 0.009375 0.046875
2 0.469921875 0.341015625 0.00703125 0.03046875
2 0.344921875 0.4 0.0078125 0.040625
2 0.444140625 0.428125 0.00859375 0.04375
2 0.30546875 0.441796875 0.009375 0.046875
2 0.334765625 0.40234375 0.00859375 0.03828125
2 0.616015625 0.495703125 0.009375 0.04765625
2 0.32421875 0.453515625 0.0109375 0.04296875
2 0.602734375 0.323046875 0.00859375 0.03515625
2 0.794921875 0.4265625 0.009375 0.0453125
2 0.623828125 0.49921875 0.009375 0.05546875
2 0.480078125 0.362109375 0.00859375 0.03359375
3 0.444921875 0.4828125 0.009375 0.04765625
2 0.35234375 0.632421875 0.0140625 0.0578125
3 0.853515625 0.951953125 0.0265625 0.08203125
2 0.329296875 0.57265625 0.01953125 0.0546875
2 0.743359375 0.590234375 0.015625 0.0546875
2 0.803515625 0.63046875 0.02421875 0.0609375
1 0.26796875 0.345703125 0.01015625 0.0390625
0 0.1640625 0.6265625 0.009375 0.009375
2 0.150390625 0.608203125 0.01484375 0.0546875
2 0.1578125 0.603125 0.015625 0.0390625
2 0.169140625 0.6078125 0.015625 0.04453125
3 0.515234375 0.245703125 0.00625 0.02421875