2 0.309765625 0.394921875 0.009375 0.0359375
2 0.540234375 0.290625 0.0078125 0.0296875
2 0.316015625 0.4015625 0.00625 0.0421875
2 0.333984375 0.35234375 0.01015625 0.0328125
2 0.446484375 0.309375 0.00703125 0.028125
2 0.543359375 0.328125 0.00625 0.02890625
2 0.657421875 0.3546875 0.009375 0.028125
2 0.707421875 0.325390625 0.01015625 0.034375
2 0.490234375 0.344140625 0.00625 0.0359375
1 0.109375 0.40703125 0.0140625 0.04375
2 0.4609375 0.29453125 0.00625 0.03125
2 0.275 0.415625 0.0078125 0.0390625
2 0.53515625 0.346484375 0.009375 0.0375
2 0.444921875 0.387890625 0.009375 0.0390625
2 0.25625 0.445703125 0.0078125 0.03984375
2 0.675390625 0.5828125 0.0125 0.0578125
3 0.392578125 0.44453125 0.0078125 0.046875
2 0.67734375 0.45078125 0.0140625 0.04453125
2 0.855078125 0.398046875 0.009375 0.04453125
2 0.423046875 0.437890625 0.01015625 0.04453125
2 0.324609375 0.548046875 0.009375 0.05
2 0.37421875 0.6265625 0.015625 0.06015625
3 0.39296875 0.2828125 0.00625 0.02734375
0 0.76953125 0.378515625 0.00546875 0.01015625