2 0.500390625 0.27265625 0.00625 0.02890625
2 0.417578125 0.36484375 0.0078125 0.0375
2 0.70078125 0.312890625 0.00703125 0.02734375
2 0.551953125 0.372265625 0.009375 0.0390625
2 0.465234375 0.296484375 0.0078125 0.03125
2 0.573046875 0.3625 0.009375 0.034375
2 0.405859375 0.3921875 0.00859375 0.0453125
1 0.2390625 0.37265625 0.0125 0.04140625
2 0.708984375 0.416015625 0.0078125 0.03984375
2 0.396484375 0.4015625 0.00859375 0.04375
2 0.37265625 0.42265625 0.009375 0.04375
2 0.46953125 0.41015625 0.0078125 0.0390625
2 0.537109375 0.428125 0.0125 0.03984375
2 0.35859375 0.434375 0.01015625 0.04453125
3 0.398828125 0.480078125 0.01015625 0.04765625
2 0.72890625 0.512890625 0.01484375 0.0390625
2 0.378515625 0.53671875 0.009375 0.053125
2 0.20859375 0.75234375 0.015625 0.06171875
2 0.792578125 0.428125 0.01484375 0.0453125
2 0.307421875 0.534375 0.01328125 0.05
3 0.8796875 0.973828125 0.01875 0.05234375
2 0.488671875 0.598046875 0.015625 0.0578125
2 0.694140625 0.6578125 0.0140625 0.06796875
3 0.49765625 0.253515625 0.00703125 0.02734375
0 0.74140625 0.486328125 0.00546875 0.009375