2 0.488671875 0.341796875 0.009375 0.0296875
2 0.619140625 0.3265625 0.01171875 0.03046875
2 0.333203125 0.4125 0.01015625 0.03671875
2 0.6375 0.50078125 0.01015625 0.04453125
2 0.663671875 0.428125 0.0078125 0.0359375
2 0.390625 0.391796875 0.00859375 0.0390625
2 0.3 0.492578125 0.009375 0.04609375
2 0.7359375 0.383984375 0.0109375 0.034375
2 0.333984375 0.46328125 0.0109375 0.0453125
2 0.369140625 0.706640625 0.01875 0.0671875
2 0.27734375 0.5203125 0.01015625 0.04296875
2 0.5296875 0.458984375 0.0109375 0.04765625
3 0.3953125 0.5015625 0.01015625 0.04375
1 0.11484375 0.412109375 0.01328125 0.040625
2 0.230078125 0.7734375 0.0203125 0.06796875
2 0.368359375 0.637109375 0.0140625 0.059375
2 0.215234375 0.67734375 0.0140625 0.0578125
2 0.601171875 0.751953125 0.0171875 0.06875
2 0.828125 0.578125 0.01171875 0.05703125
3 0.973828125 0.890625 0.0296875 0.07890625
2 0.49296875 0.581640625 0.01328125 0.059375
3 0.4046875 0.278515625 0.0078125 0.03125
2 0.3890625 0.380859375 0.0078125 0.04375
2 0.33203125 0.4015625 0.01015625 0.03828125
0 0.729296875 0.424609375 0.00546875 0.01015625