2 0.326953125 0.287890625 0.0078125 0.03203125
2 0.63828125 0.36328125 0.009375 0.0453125
2 0.421875 0.278125 0.0109375 0.03046875
2 0.384765625 0.28984375 0.00703125 0.03203125
3 0.1078125 0.316796875 0.009375 0.03359375
2 0.546484375 0.2765625 0.009375 0.02890625
2 0.508203125 0.275 0.009375 0.03125
2 0.556640625 0.322265625 0.01015625 0.03515625
2 0.638671875 0.3890625 0.009375 0.0484375
2 0.592578125 0.319921875 0.00859375 0.03984375
1 0.8265625 0.351953125 0.009375 0.04453125
2 0.087109375 0.458984375 0.0078125 0.053125
2 0.128515625 0.378125 0.0109375 0.03984375
2 0.302734375 0.362890625 0.0125 0.04296875
2 0.54609375 0.371875 0.01015625 0.0453125
3 0.48671875 0.31953125 0.009375 0.0375
2 0.68203125 0.424609375 0.0109375 0.05078125
2 0.087109375 0.531640625 0.0171875 0.05390625
2 0.462890625 0.408203125 0.0109375 0.0484375
2 0.616796875 0.458203125 0.0109375 0.05
2 0.700390625 0.419921875 0.0125 0.04921875
2 0.2234375 0.435546875 0.01171875 0.04921875
2 0.628125 0.622265625 0.0140625 0.06484375
0 0.505078125 0.280078125 0.003125 0.00625