2 0.355859375 0.240625 0.0109375 0.0390625
2 0.198828125 0.28671875 0.0109375 0.04296875
2 0.183203125 0.330078125 0.01015625 0.0546875
2 0.244921875 0.36171875 0.01171875 0.053125
2 0.1109375 0.34453125 0.01171875 0.05703125
2 0.230859375 0.370703125 0.0125 0.05859375
2 0.699609375 0.281640625 0.0109375 0.05
2 0.100390625 0.43828125 0.01640625 0.065625
2 0.45234375 0.3171875 0.0125 0.05078125
1 0.85546875 0.346484375 0.0140625 0.053125
2 0.426953125 0.402734375 0.0171875 0.06328125
2 0.48203125 0.39921875 0.01640625 0.06328125
2 0.2234375 0.46328125 0.01484375 0.06796875
2 0.563671875 0.70234375 0.01875 0.0921875
2 0.879296875 0.446875 0.0140625 0.065625
3 0.301953125 0.41796875 0.01640625 0.06796875
2 0.405078125 0.505078125 0.01640625 0.07265625
2 0.15078125 0.52421875 0.015625 0.078125
2 0.089453125 0.52421875 0.01875 0.0796875
2 0.056640625 0.470703125 0.015625 0.075
2 0.248046875 0.478515625 0.02109375 0.06875
2 0.208203125 0.66015625 0.0265625 0.09453125
0 0.738671875 0.35078125 0.00546875 0.01328125
3 0.1203125 0.24453125 0.009375 0.04375