2 0.26640625 0.234765625 0.01015625 0.04921875
2 0.355859375 0.208984375 0.0125 0.04765625
2 0.268359375 0.3328125 0.0140625 0.0546875
2 0.1234375 0.371875 0.01484375 0.0546875
2 0.342578125 0.310546875 0.01015625 0.05859375
2 0.125390625 0.420703125 0.015625 0.07265625
2 0.6375 0.25 0.009375 0.05234375
2 0.404296875 0.2875 0.01015625 0.053125
1 0.87265625 0.321875 0.01328125 0.05859375
2 0.481640625 0.34921875 0.01328125 0.06484375
2 0.509765625 0.277734375 0.0109375 0.053125
2 0.4484375 0.358203125 0.0125 0.059375
2 0.664453125 0.355859375 0.01875 0.06015625
2 0.167578125 0.3171875 0.0171875 0.05703125
3 0.276171875 0.379296875 0.0140625 0.071875
2 0.13828125 0.4625 0.015625 0.07890625
2 0.463671875 0.4609375 0.0203125 0.07421875
2 0.314453125 0.389453125 0.01875 0.065625
2 0.826171875 0.46796875 0.0171875 0.075
2 0.17890625 0.490625 0.01953125 0.07265625
2 0.158203125 0.59765625 0.0296875 0.0921875
2 0.489453125 0.7515625 0.02734375 0.103125
3 0.1953125 0.20390625 0.0125 0.05
0 0.661328125 0.367578125 0.00625 0.0109375