3 0.205078125 0.202734375 0.0109375 0.0390625
2 0.356640625 0.22421875 0.01015625 0.04296875
2 0.430078125 0.2796875 0.0109375 0.05
2 0.209765625 0.2953125 0.0125 0.05703125
2 0.166796875 0.34296875 0.015625 0.06015625
2 0.523828125 0.26484375 0.0109375 0.05
2 0.433984375 0.328515625 0.0140625 0.05703125
2 0.46953125 0.328515625 0.0109375 0.059375
2 0.276171875 0.366015625 0.01328125 0.0625
2 0.26796875 0.3140625 0.01328125 0.05234375
2 0.1734375 0.379296875 0.01484375 0.06796875
2 0.123828125 0.434375 0.0140625 0.07421875
2 0.473046875 0.384375 0.0203125 0.0625
1 0.884765625 0.31484375 0.0140625 0.05703125
2 0.654296875 0.26171875 0.0109375 0.053125
3 0.319140625 0.348046875 0.0125 0.0625
2 0.456640625 0.441015625 0.015625 0.071875
2 0.180078125 0.46484375 0.01953125 0.07265625
2 0.130078125 0.553125 0.015625 0.08046875
2 0.866796875 0.459375 0.0171875 0.078125
2 0.48203125 0.734375 0.02265625 0.1078125
2 0.375 0.293359375 0.0125 0.0546875
2 0.465234375 0.204296875 0.01328125 0.04296875
0 0.868359375 0.334375 0.00703125 0.0125