2 0.175 0.3921875 0.009375 0.0453125
2 0.308203125 0.310546875 0.0078125 0.0328125
2 0.209765625 0.418359375 0.009375 0.046875
1 0.833984375 0.36015625 0.015625 0.04296875
2 0.419140625 0.4125 0.0109375 0.04921875
2 0.395703125 0.353125 0.00625 0.03984375
3 0.360546875 0.408203125 0.01015625 0.0484375
2 0.276171875 0.489453125 0.009375 0.0546875
2 0.233984375 0.475390625 0.01640625 0.0546875
2 0.589453125 0.31015625 0.00703125 0.0375
2 0.08828125 0.46015625 0.0125 0.05234375
2 0.105859375 0.476953125 0.0125 0.0578125
2 0.249609375 0.414453125 0.009375 0.0453125
2 0.46640625 0.427734375 0.01328125 0.046875
2 0.130859375 0.584375 0.0140625 0.06484375
2 0.166796875 0.6546875 0.015625 0.07578125
2 0.083203125 0.549609375 0.01484375 0.0640625
2 0.432421875 0.499609375 0.01484375 0.05703125
2 0.385546875 0.69921875 0.0171875 0.0796875
3 0.0953125 0.3109375 0.01171875 0.03828125
2 0.10625 0.403125 0.01484375 0.05234375
2 0.19140625 0.33515625 0.0140625 0.04296875
2 0.988671875 0.43359375 0.0140625 0.05546875
0 0.955859375 0.447265625 0.00546875 0.009375