2 0.430078125 0.2140625 0.0140625 0.0390625
2 0.317578125 0.278515625 0.0125 0.05
2 0.305078125 0.325 0.01015625 0.05703125
2 0.1515625 0.37421875 0.01953125 0.06484375
2 0.721484375 0.278125 0.0171875 0.053125
2 0.223046875 0.4234375 0.02734375 0.06328125
2 0.515234375 0.283203125 0.01015625 0.05234375
2 0.191015625 0.299609375 0.0171875 0.05703125
2 0.491796875 0.35078125 0.0140625 0.06328125
2 0.48125 0.354296875 0.0140625 0.0625
2 0.270703125 0.32265625 0.01796875 0.053125
2 0.15078125 0.412890625 0.015625 0.07421875
2 0.258203125 0.396875 0.0140625 0.06796875
2 0.24609375 0.453125 0.02265625 0.06953125
2 0.448046875 0.4609375 0.015625 0.07265625
2 0.893359375 0.477734375 0.01953125 0.07421875
3 0.323046875 0.37734375 0.0140625 0.06796875
1 0.896484375 0.328125 0.01484375 0.05859375
2 0.519921875 0.728515625 0.01640625 0.10234375
2 0.13671875 0.435546875 0.01875 0.0734375
2 0.223046875 0.607421875 0.02421875 0.090625
3 0.19375 0.216796875 0.0109375 0.04375
0 0.705078125 0.300390625 0.00625 0.0109375
2 0.325390625 0.241796875 0.01171875 0.04609375