2 0.371484375 0.39765625 0.00625 0.0328125
2 0.576171875 0.405078125 0.01328125 0.034375
2 0.274609375 0.446875 0.0078125 0.0453125
3 0.407421875 0.449609375 0.0125 0.0421875
2 0.423828125 0.4 0.009375 0.03125
1 0.747265625 0.389453125 0.00859375 0.03046875
2 0.6015625 0.452734375 0.0140625 0.040625
2 0.658984375 0.5203125 0.01953125 0.05
2 0.22109375 0.452734375 0.0078125 0.046875
3 0.797265625 0.59921875 0.0234375 0.06328125
2 0.5453125 0.4546875 0.0125 0.04296875
2 0.48046875 0.51484375 0.01015625 0.05234375
2 0.646875 0.48828125 0.0140625 0.05078125
2 0.334375 0.50078125 0.0140625 0.053125
2 0.504296875 0.517578125 0.009375 0.046875
2 0.601953125 0.559375 0.0125 0.05546875
2 0.3546875 0.51171875 0.0140625 0.05078125
2 0.51796875 0.496484375 0.0109375 0.05234375
2 0.3015625 0.631640625 0.0140625 0.06875
2 0.1515625 0.587890625 0.01171875 0.0609375
2 0.36640625 0.63203125 0.01640625 0.06953125
2 0.58203125 0.44140625 0.01328125 0.0375
2 0.5953125 0.41171875 0.01171875 0.03515625
3 0.2203125 0.3375 0.0078125 0.0296875