2 0.651953125 0.29765625 0.00703125 0.02734375
2 0.497265625 0.295703125 0.009375 0.0375
2 0.432421875 0.38671875 0.01015625 0.04921875
2 0.376953125 0.29765625 0.0078125 0.0328125
3 0.551171875 0.35703125 0.00625 0.04296875
2 0.456640625 0.358984375 0.0078125 0.0453125
2 0.609765625 0.321875 0.009375 0.04296875
2 0.290234375 0.3328125 0.009375 0.0453125
2 0.442578125 0.329296875 0.00703125 0.04375
2 0.577734375 0.38671875 0.009375 0.0453125
2 0.687890625 0.3703125 0.00703125 0.0484375
2 0.72578125 0.36015625 0.0078125 0.05
2 0.748828125 0.408984375 0.01015625 0.05703125
2 0.425390625 0.4015625 0.01484375 0.05078125
2 0.224609375 0.391015625 0.01015625 0.053125
2 0.7328125 0.503515625 0.01484375 0.0703125
2 0.2234375 0.50546875 0.0125 0.06328125
2 0.704296875 0.68515625 0.0296875 0.09296875
3 0.3171875 0.280078125 0.01015625 0.03359375
0 0.32890625 0.33671875 0.0046875 0.01015625
2 0.57890625 0.28046875 0.009375 0.03984375