2 0.247265625 0.32578125 0.0078125 0.040625
1 0.2375 0.33203125 0.0109375 0.040625
2 0.408203125 0.28515625 0.00859375 0.03515625
2 0.2765625 0.32109375 0.00859375 0.04453125
2 0.28828125 0.307421875 0.0078125 0.0390625
2 0.376953125 0.297265625 0.009375 0.040625
2 0.427734375 0.342578125 0.00859375 0.04296875
3 0.488671875 0.321484375 0.00859375 0.0390625
2 0.269921875 0.356640625 0.0125 0.0484375
2 0.43828125 0.378515625 0.0125 0.05
2 0.8109375 0.3109375 0.0125 0.0375
2 0.882421875 0.32421875 0.0109375 0.04296875
2 0.919140625 0.35078125 0.0109375 0.0484375
2 0.665234375 0.3328125 0.009375 0.0453125
2 0.494921875 0.441015625 0.0109375 0.04921875
2 0.3296875 0.471484375 0.0125 0.0578125
2 0.567578125 0.371484375 0.0125 0.046875
3 0.92578125 0.815625 0.02578125 0.11484375
2 0.723828125 0.4078125 0.01875 0.05703125
3 0.40390625 0.24296875 0.009375 0.03203125
2 0.425390625 0.2875 0.0109375 0.03515625
2 0.428515625 0.323046875 0.0109375 0.03984375