3 0.289453125 0.2828125 0.00625 0.0359375
2 0.583203125 0.287890625 0.00859375 0.03359375
2 0.542578125 0.32578125 0.009375 0.04453125
2 0.401953125 0.34453125 0.0078125 0.0375
2 0.358984375 0.306640625 0.0078125 0.03515625
2 0.40625 0.384375 0.009375 0.05
2 0.494921875 0.312109375 0.01015625 0.03515625
2 0.6390625 0.315234375 0.0109375 0.0375
2 0.547265625 0.3453125 0.0125 0.04296875
2 0.27578125 0.356640625 0.01015625 0.046875
3 0.516015625 0.362109375 0.009375 0.04296875
2 0.645703125 0.382421875 0.01015625 0.0484375
2 0.545703125 0.430078125 0.01015625 0.053125
2 0.6765625 0.375 0.0109375 0.05
2 0.706640625 0.497265625 0.0109375 0.06875
2 0.389453125 0.458203125 0.0125 0.0609375
2 0.358984375 0.41796875 0.015625 0.0546875
3 0.930078125 0.759765625 0.0390625 0.11015625
2 0.833984375 0.712890625 0.0203125 0.0984375
2 0.75390625 0.555078125 0.01328125 0.071875
2 0.72890625 0.4375 0.01484375 0.0640625
2 0.18984375 0.415625 0.0109375 0.05546875
2 0.226953125 0.594140625 0.0203125 0.0828125
0 0.284375 0.377734375 0.0046875 0.01015625