2 0.516796875 0.29921875 0.0125 0.03125
3 0.2859375 0.28828125 0.009375 0.03671875
2 0.419140625 0.310546875 0.009375 0.02890625
2 0.391796875 0.315625 0.015625 0.03359375
3 0.4796875 0.3578125 0.00859375 0.04140625
2 0.573828125 0.3234375 0.009375 0.0375
2 0.40078125 0.334765625 0.0125 0.03984375
2 0.436328125 0.372265625 0.0125 0.046875
2 0.593359375 0.323046875 0.00859375 0.040625
2 0.30625 0.3515625 0.01015625 0.0453125
2 0.51953125 0.366015625 0.01015625 0.04375
1 0.98125 0.368359375 0.0109375 0.05
2 0.18984375 0.36171875 0.01015625 0.046875
2 0.205078125 0.43046875 0.015625 0.05546875
2 0.646484375 0.448046875 0.0125 0.059375
2 0.43203125 0.405078125 0.0125 0.05078125
2 0.413671875 0.416796875 0.0140625 0.05546875
2 0.685546875 0.425 0.01171875 0.059375
2 0.671484375 0.5078125 0.01796875 0.0625
2 0.273046875 0.593359375 0.01953125 0.0796875
2 0.830078125 0.693359375 0.02109375 0.096875
2 0.399609375 0.31484375 0.0109375 0.034375
0 0.411328125 0.305078125 0.0046875 0.0078125
2 0.491015625 0.296484375 0.0109375 0.03515625
3 0.873046875 0.769140625 0.03125 0.10859375