2 0.453515625 0.326953125 0.01171875 0.0390625
2 0.42734375 0.32578125 0.0125 0.0390625
3 0.47578125 0.356640625 0.0125 0.04296875
2 0.319140625 0.350390625 0.01015625 0.0453125
2 0.186328125 0.4234375 0.01015625 0.0546875
2 0.572265625 0.356640625 0.009375 0.04453125
2 0.602734375 0.3546875 0.01015625 0.046875
2 0.219140625 0.364453125 0.009375 0.04765625
1 0.9671875 0.3625 0.01171875 0.05078125
2 0.376953125 0.379296875 0.0109375 0.04921875
2 0.515234375 0.398046875 0.0109375 0.0484375
2 0.343359375 0.41953125 0.0109375 0.053125
2 0.672265625 0.422265625 0.0125 0.059375
2 0.369921875 0.4359375 0.01171875 0.059375
2 0.245703125 0.610546875 0.01484375 0.0828125
2 0.641796875 0.467578125 0.015625 0.06484375
2 0.716796875 0.534765625 0.015625 0.065625
2 0.803515625 0.7 0.0234375 0.0984375
3 0.898046875 0.746484375 0.03515625 0.1
3 0.25859375 0.28828125 0.00859375 0.0359375
2 0.32734375 0.315234375 0.0109375 0.034375
2 0.3515625 0.31484375 0.015625 0.0375
0 0.40078125 0.33671875 0.0046875 0.01015625
2 0.52265625 0.287109375 0.01328125 0.0375
2 0.566796875 0.304296875 0.01328125 0.03671875