2 0.512109375 0.374609375 0.009375 0.0328125
3 0.487890625 0.421484375 0.00859375 0.0375
2 0.455859375 0.38984375 0.009375 0.0390625
2 0.734375 0.46015625 0.01171875 0.0484375
2 0.728515625 0.432421875 0.0109375 0.046875
2 0.6609375 0.419140625 0.009375 0.04375
2 0.7515625 0.453515625 0.0109375 0.046875
2 0.276171875 0.4390625 0.01015625 0.046875
2 0.6453125 0.407421875 0.009375 0.04296875
2 0.5640625 0.41015625 0.0109375 0.040625
2 0.230078125 0.437109375 0.0078125 0.046875
2 0.37109375 0.483984375 0.0109375 0.053125
2 0.576171875 0.484375 0.0125 0.0484375
2 0.415234375 0.47421875 0.009375 0.05
2 0.559765625 0.483984375 0.0125 0.04921875
2 0.5375 0.475 0.01796875 0.04296875
3 0.94453125 0.560546875 0.02265625 0.0578125
2 0.659375 0.525390625 0.0109375 0.0546875
2 0.190625 0.57578125 0.021875 0.06328125
2 0.2671875 0.60703125 0.015625 0.071875
2 0.391796875 0.5796875 0.01875 0.06484375
1 0.77734375 0.374609375 0.01171875 0.0421875
2 0.748828125 0.4359375 0.01015625 0.04296875
0 0.596484375 0.487109375 0.00703125 0.0140625
3 0.183984375 0.330859375 0.0109375 0.03359375